DAY HR    LAT     LON CO2 10000
136  0  39.34  -96.47  0.40E-08
136  0  39.39  -96.47  0.25E-08
136  0  39.44  -96.47  0.10E-08
136  0  39.14  -96.42  0.85E-08
136  0  39.19  -96.42  0.13E-07
136  0  39.24  -96.42  0.16E-07
136  0  39.29  -96.42  0.12E-07
136  0  39.34  -96.42  0.26E-08
136  0  39.39  -96.42  0.61E-09
136  0  39.44  -96.42  0.10E-08
136  0  39.49  -96.42  0.68E-09
136  0  39.14  -96.37  0.15E-08
136  0  39.19  -96.37  0.49E-07
136  0  39.24  -96.37  0.74E-07
136  0  39.29  -96.37  0.53E-07
136  0  39.34  -96.37  0.37E-07
136  0  39.39  -96.37  0.14E-07
136  0  39.44  -96.37  0.21E-08
136  0  39.49  -96.37  0.68E-09
136  0  39.54  -96.37  0.34E-09
136  0  39.09  -96.32  0.57E-09
136  0  39.14  -96.32  0.10E-07
136  0  39.19  -96.32  0.11E-06
136  0  39.24  -96.32  0.20E-06
136  0  39.29  -96.32  0.24E-06
136  0  39.34  -96.32  0.79E-07
136  0  39.39  -96.32  0.22E-07
136  0  39.44  -96.32  0.80E-08
136  0  39.49  -96.32  0.15E-08
136  0  39.54  -96.32  0.86E-09
136  0  39.59  -96.32  0.29E-09
136  0  38.34  -96.27  0.44E-08
136  0  38.39  -96.27  0.80E-09
136  0  39.14  -96.27  0.75E-08
136  0  39.19  -96.27  0.12E-06
136  0  39.24  -96.27  0.54E-06
136  0  39.29  -96.27  0.60E-06
136  0  39.34  -96.27  0.20E-06
136  0  39.39  -96.27  0.71E-07
136  0  39.44  -96.27  0.17E-07
136  0  39.49  -96.27  0.63E-08
136  0  39.54  -96.27  0.35E-09
136  0  39.59  -96.27  0.11E-08
136  0  38.19  -96.22  0.32E-09
136  0  38.24  -96.22  0.40E-08
136  0  38.29  -96.22  0.19E-08
136  0  38.34  -96.22  0.25E-08
136  0  38.39  -96.22  0.27E-09
136  0  38.44  -96.22  0.91E-09
136  0  38.49  -96.22  0.48E-09
136  0  39.09  -96.22  0.11E-08
136  0  39.14  -96.22  0.14E-07
136  0  39.19  -96.22  0.72E-07
136  0  39.24  -96.22  0.85E-06
136  0  39.29  -96.22  0.11E-05
136  0  39.34  -96.22  0.32E-06
136  0  39.39  -96.22  0.14E-06
136  0  39.44  -96.22  0.51E-07
136  0  39.49  -96.22  0.85E-08
136  0  39.54  -96.22  0.57E-08
136  0  39.59  -96.22  0.29E-09
136  0  39.64  -96.22  0.10E-08
136  0  37.79  -96.17  0.58E-09
136  0  37.84  -96.17  0.58E-09
136  0  37.89  -96.17  0.58E-09
136  0  37.94  -96.17  0.52E-09
136  0  37.99  -96.17  0.65E-09
136  0  38.04  -96.17  0.18E-08
136  0  38.09  -96.17  0.90E-08
136  0  38.14  -96.17  0.59E-09
136  0  38.19  -96.17  0.78E-09
136  0  38.24  -96.17  0.59E-09
136  0  38.29  -96.17  0.39E-09
136  0  38.49  -96.17  0.32E-09
136  0  38.54  -96.17  0.48E-09
136  0  38.59  -96.17  0.65E-09
136  0  38.64  -96.17  0.48E-09
136  0  38.69  -96.17  0.43E-09
136  0  38.74  -96.17  0.54E-09
136  0  38.79  -96.17  0.54E-09
136  0  38.84  -96.17  0.53E-08
136  0  38.89  -96.17  0.62E-08
136  0  38.94  -96.17  0.29E-08
136  0  38.99  -96.17  0.25E-08
136  0  39.04  -96.17  0.32E-08
136  0  39.09  -96.17  0.71E-08
136  0  39.14  -96.17  0.97E-08
136  0  39.19  -96.17  0.35E-07
136  0  39.24  -96.17  0.53E-06
136  0  39.29  -96.17  0.21E-05
136  0  39.34  -96.17  0.31E-06
136  0  39.39  -96.17  0.15E-06
136  0  39.44  -96.17  0.96E-07
136  0  39.49  -96.17  0.35E-07
136  0  39.54  -96.17  0.76E-08
136  0  39.59  -96.17  0.45E-08
136  0  39.69  -96.17  0.86E-09
136  0  36.99  -96.12  0.39E-09
136  0  37.04  -96.12  0.39E-09
136  0  37.09  -96.12  0.58E-09
136  0  37.14  -96.12  0.39E-09
136  0  37.19  -96.12  0.58E-09
136  0  37.24  -96.12  0.39E-09
136  0  37.29  -96.12  0.58E-09
136  0  37.34  -96.12  0.39E-09
136  0  37.39  -96.12  0.58E-09
136  0  37.44  -96.12  0.39E-09
136  0  37.49  -96.12  0.58E-09
136  0  37.54  -96.12  0.39E-09
136  0  37.59  -96.12  0.58E-09
136  0  37.64  -96.12  0.58E-09
136  0  37.69  -96.12  0.58E-09
136  0  37.74  -96.12  0.39E-09
136  0  37.99  -96.12  0.46E-09
136  0  38.04  -96.12  0.23E-09
136  0  38.09  -96.12  0.10E-08
136  0  38.14  -96.12  0.44E-08
136  0  38.19  -96.12  0.16E-08
136  0  38.24  -96.12  0.13E-08
136  0  38.29  -96.12  0.97E-09
136  0  38.34  -96.12  0.98E-09
136  0  38.39  -96.12  0.59E-09
136  0  38.44  -96.12  0.52E-09
136  0  38.49  -96.12  0.65E-09
136  0  38.54  -96.12  0.66E-09
136  0  38.59  -96.12  0.52E-09
136  0  38.64  -96.12  0.79E-09
136  0  38.69  -96.12  0.39E-09
136  0  38.89  -96.12  0.42E-08
136  0  38.94  -96.12  0.17E-08
136  0  38.99  -96.12  0.72E-08
136  0  39.04  -96.12  0.34E-08
136  0  39.09  -96.12  0.23E-08
136  0  39.14  -96.12  0.15E-07
136  0  39.19  -96.12  0.29E-07
136  0  39.24  -96.12  0.29E-06
136  0  39.29  -96.12  0.47E-05
136  0  39.34  -96.12  0.39E-06
136  0  39.39  -96.12  0.17E-06
136  0  39.44  -96.12  0.11E-06
136  0  39.49  -96.12  0.76E-07
136  0  39.54  -96.12  0.24E-07
136  0  39.59  -96.12  0.58E-08
136  0  39.64  -96.12  0.46E-08
136  0  39.69  -96.12  0.17E-09
136  0  39.74  -96.12  0.69E-09
136  0  38.34  -96.07  0.39E-09
136  0  38.39  -96.07  0.62E-09
136  0  38.44  -96.07  0.70E-09
136  0  38.69  -96.07  0.20E-09
136  0  38.74  -96.07  0.59E-09
136  0  38.79  -96.07  0.59E-09
136  0  38.84  -96.07  0.59E-09
136  0  38.89  -96.07  0.40E-09
136  0  38.94  -96.07  0.52E-08
136  0  38.99  -96.07  0.38E-09
136  0  39.04  -96.07  0.21E-08
136  0  39.09  -96.07  0.15E-08
136  0  39.14  -96.07  0.78E-08
136  0  39.19  -96.07  0.26E-07
136  0  39.24  -96.07  0.21E-06
136  0  39.29  -96.07  0.21E-05
136  0  39.34  -96.07  0.13E-05
136  0  39.39  -96.07  0.33E-06
136  0  39.44  -96.07  0.15E-06
136  0  39.49  -96.07  0.96E-07
136  0  39.54  -96.07  0.64E-07
136  0  39.59  -96.07  0.17E-07
136  0  39.64  -96.07  0.56E-08
136  0  39.69  -96.07  0.35E-08
136  0  39.74  -96.07  0.17E-09
136  0  39.79  -96.07  0.57E-09
136  0  38.44  -96.02  0.23E-09
136  0  38.49  -96.02  0.70E-09
136  0  38.54  -96.02  0.93E-09
136  0  38.59  -96.02  0.23E-09
136  0  38.94  -96.02  0.29E-08
136  0  38.99  -96.02  0.19E-08
136  0  39.04  -96.02  0.19E-09
136  0  39.09  -96.02  0.13E-08
136  0  39.14  -96.02  0.92E-08
136  0  39.19  -96.02  0.24E-07
136  0  39.24  -96.02  0.23E-06
136  0  39.29  -96.02  0.96E-06
136  0  39.34  -96.02  0.77E-06
136  0  39.39  -96.02  0.68E-06
136  0  39.44  -96.02  0.31E-06
136  0  39.49  -96.02  0.16E-06
136  0  39.54  -96.02  0.10E-06
136  0  39.59  -96.02  0.51E-07
136  0  39.64  -96.02  0.14E-07
136  0  39.69  -96.02  0.47E-08
136  0  39.74  -96.02  0.24E-08
136  0  39.79  -96.02  0.44E-09
136  0  39.84  -96.02  0.57E-09
136  0  38.59  -95.97  0.70E-09
136  0  38.64  -95.97  0.70E-09
136  0  38.69  -95.97  0.62E-09
136  0  38.74  -95.97  0.78E-09
136  0  38.79  -95.97  0.78E-09
136  0  38.84  -95.97  0.18E-08
136  0  38.89  -95.97  0.94E-09
136  0  38.94  -95.97  0.19E-08
136  0  39.04  -95.97  0.94E-09
136  0  39.09  -95.97  0.86E-09
136  0  39.14  -95.97  0.27E-08
136  0  39.19  -95.97  0.19E-07
136  0  39.24  -95.97  0.22E-06
136  0  39.29  -95.97  0.62E-06
136  0  39.34  -95.97  0.47E-06
136  0  39.39  -95.97  0.55E-06
136  0  39.44  -95.97  0.45E-06
136  0  39.49  -95.97  0.26E-06
136  0  39.54  -95.97  0.15E-06
136  0  39.59  -95.97  0.97E-07
136  0  39.64  -95.97  0.45E-07
136  0  39.69  -95.97  0.12E-07
136  0  39.74  -95.97  0.57E-08
136  0  39.79  -95.97  0.20E-08
136  0  39.84  -95.97  0.45E-09
136  0  39.89  -95.97  0.34E-09
136  0  38.94  -95.92  0.15E-08
136  0  39.09  -95.92  0.19E-08
136  0  39.14  -95.92  0.10E-08
136  0  39.19  -95.92  0.22E-07
136  0  39.24  -95.92  0.17E-06
136  0  39.29  -95.92  0.42E-06
136  0  39.34  -95.92  0.39E-06
136  0  39.39  -95.92  0.41E-06
136  0  39.44  -95.92  0.43E-06
136  0  39.49  -95.92  0.34E-06
136  0  39.54  -95.92  0.23E-06
136  0  39.59  -95.92  0.13E-06
136  0  39.64  -95.92  0.79E-07
136  0  39.69  -95.92  0.39E-07
136  0  39.74  -95.92  0.10E-07
136  0  39.79  -95.92  0.46E-08
136  0  39.84  -95.92  0.21E-08
136  0  39.89  -95.92  0.84E-09
136  0  38.94  -95.87  0.75E-09
136  0  38.99  -95.87  0.57E-09
136  0  39.09  -95.87  0.11E-08
136  0  39.14  -95.87  0.47E-09
136  0  39.19  -95.87  0.23E-07
136  0  39.24  -95.87  0.11E-06
136  0  39.29  -95.87  0.30E-06
136  0  39.34  -95.87  0.35E-06
136  0  39.39  -95.87  0.35E-06
136  0  39.44  -95.87  0.37E-06
136  0  39.49  -95.87  0.32E-06
136  0  39.54  -95.87  0.29E-06
136  0  39.59  -95.87  0.19E-06
136  0  39.64  -95.87  0.11E-06
136  0  39.69  -95.87  0.68E-07
136  0  39.74  -95.87  0.34E-07
136  0  39.79  -95.87  0.94E-08
136  0  39.84  -95.87  0.42E-08
136  0  39.89  -95.87  0.17E-08
136  0  39.94  -95.87  0.12E-08
136  0  38.99  -95.82  0.13E-08
136  0  39.04  -95.82  0.57E-09
136  0  39.09  -95.82  0.75E-09
136  0  39.14  -95.82  0.58E-10
136  0  39.19  -95.82  0.15E-07
136  0  39.24  -95.82  0.68E-07
136  0  39.29  -95.82  0.19E-06
136  0  39.34  -95.82  0.30E-06
136  0  39.39  -95.82  0.30E-06
136  0  39.44  -95.82  0.32E-06
136  0  39.49  -95.82  0.30E-06
136  0  39.54  -95.82  0.28E-06
136  0  39.59  -95.82  0.25E-06
136  0  39.64  -95.82  0.16E-06
136  0  39.69  -95.82  0.99E-07
136  0  39.74  -95.82  0.59E-07
136  0  39.79  -95.82  0.27E-07
136  0  39.84  -95.82  0.11E-07
136  0  39.89  -95.82  0.27E-08
136  0  39.94  -95.82  0.14E-08
136  0  39.99  -95.82  0.12E-08
136  0  40.04  -95.82  0.12E-09
136  0  38.99  -95.77  0.11E-08
136  0  39.04  -95.77  0.21E-08
136  0  39.19  -95.77  0.66E-08
136  0  39.24  -95.77  0.37E-07
136  0  39.29  -95.77  0.11E-06
136  0  39.34  -95.77  0.22E-06
136  0  39.39  -95.77  0.27E-06
136  0  39.44  -95.77  0.26E-06
136  0  39.49  -95.77  0.28E-06
136  0  39.54  -95.77  0.26E-06
136  0  39.59  -95.77  0.24E-06
136  0  39.64  -95.77  0.20E-06
136  0  39.69  -95.77  0.13E-06
136  0  39.74  -95.77  0.94E-07
136  0  39.79  -95.77  0.52E-07
136  0  39.84  -95.77  0.23E-07
136  0  39.89  -95.77  0.13E-07
136  0  39.94  -95.77  0.44E-08
136  0  39.99  -95.77  0.12E-08
136  0  40.04  -95.77  0.39E-09
136  0  40.09  -95.77  0.21E-09
136  0  38.99  -95.72  0.23E-08
136  0  39.04  -95.72  0.94E-09
136  0  39.19  -95.72  0.24E-08
136  0  39.24  -95.72  0.20E-07
136  0  39.29  -95.72  0.69E-07
136  0  39.34  -95.72  0.15E-06
136  0  39.39  -95.72  0.19E-06
136  0  39.44  -95.72  0.25E-06
136  0  39.49  -95.72  0.23E-06
136  0  39.54  -95.72  0.26E-06
136  0  39.59  -95.72  0.24E-06
136  0  39.64  -95.72  0.20E-06
136  0  39.69  -95.72  0.16E-06
136  0  39.74  -95.72  0.97E-07
136  0  39.79  -95.72  0.82E-07
136  0  39.84  -95.72  0.44E-07
136  0  39.89  -95.72  0.20E-07
136  0  39.94  -95.72  0.11E-07
136  0  39.99  -95.72  0.47E-08
136  0  40.04  -95.72  0.18E-08
136  0  40.09  -95.72  0.14E-09
136  0  40.14  -95.72  0.14E-09
136  0  38.99  -95.67  0.28E-08
136  0  39.24  -95.67  0.98E-08
136  0  39.29  -95.67  0.36E-07
136  0  39.34  -95.67  0.98E-07
136  0  39.39  -95.67  0.14E-06
136  0  39.44  -95.67  0.18E-06
136  0  39.49  -95.67  0.21E-06
136  0  39.54  -95.67  0.20E-06
136  0  39.59  -95.67  0.23E-06
136  0  39.64  -95.67  0.21E-06
136  0  39.69  -95.67  0.17E-06
136  0  39.74  -95.67  0.13E-06
136  0  39.79  -95.67  0.83E-07
136  0  39.84  -95.67  0.67E-07
136  0  39.89  -95.67  0.37E-07
136  0  39.94  -95.67  0.19E-07
136  0  39.99  -95.67  0.12E-07
136  0  40.04  -95.67  0.60E-08
136  0  40.09  -95.67  0.19E-08
136  0  40.14  -95.67  0.46E-09
136  0  40.19  -95.67  0.14E-09
136  0  38.99  -95.62  0.26E-08
136  0  39.04  -95.62  0.57E-09
136  0  39.24  -95.62  0.50E-08
136  0  39.29  -95.62  0.17E-07
136  0  39.34  -95.62  0.56E-07
136  0  39.39  -95.62  0.81E-07
136  0  39.44  -95.62  0.12E-06
136  0  39.49  -95.62  0.17E-06
136  0  39.54  -95.62  0.17E-06
136  0  39.59  -95.62  0.18E-06
136  0  39.64  -95.62  0.21E-06
136  0  39.69  -95.62  0.18E-06
136  0  39.74  -95.62  0.15E-06
136  0  39.79  -95.62  0.10E-06
136  0  39.84  -95.62  0.70E-07
136  0  39.89  -95.62  0.57E-07
136  0  39.94  -95.62  0.31E-07
136  0  39.99  -95.62  0.21E-07
136  0  40.04  -95.62  0.88E-08
136  0  40.09  -95.62  0.51E-08
136  0  40.14  -95.62  0.16E-08
136  0  40.19  -95.62  0.10E-08
136  0  39.04  -95.57  0.11E-08
136  0  39.24  -95.57  0.13E-08
136  0  39.29  -95.57  0.95E-08
136  0  39.34  -95.57  0.26E-07
136  0  39.39  -95.57  0.52E-07
136  0  39.44  -95.57  0.85E-07
136  0  39.49  -95.57  0.10E-06
136  0  39.54  -95.57  0.15E-06
136  0  39.59  -95.57  0.15E-06
136  0  39.64  -95.57  0.18E-06
136  0  39.69  -95.57  0.18E-06
136  0  39.74  -95.57  0.16E-06
136  0  39.79  -95.57  0.13E-06
136  0  39.84  -95.57  0.84E-07
136  0  39.89  -95.57  0.70E-07
136  0  39.94  -95.57  0.50E-07
136  0  39.99  -95.57  0.26E-07
136  0  40.04  -95.57  0.15E-07
136  0  40.09  -95.57  0.10E-07
136  0  40.14  -95.57  0.41E-08
136  0  40.19  -95.57  0.74E-09
136  0  40.24  -95.57  0.12E-08
136  0  40.29  -95.57  0.39E-09
136  0  39.24  -95.52  0.98E-09
136  0  39.29  -95.52  0.78E-08
136  0  39.34  -95.52  0.16E-07
136  0  39.39  -95.52  0.28E-07
136  0  39.44  -95.52  0.56E-07
136  0  39.49  -95.52  0.75E-07
136  0  39.54  -95.52  0.11E-06
136  0  39.59  -95.52  0.13E-06
136  0  39.64  -95.52  0.15E-06
136  0  39.69  -95.52  0.17E-06
136  0  39.74  -95.52  0.15E-06
136  0  39.79  -95.52  0.14E-06
136  0  39.84  -95.52  0.11E-06
136  0  39.89  -95.52  0.74E-07
136  0  39.94  -95.52  0.63E-07
136  0  39.99  -95.52  0.45E-07
136  0  40.04  -95.52  0.23E-07
136  0  40.09  -95.52  0.16E-07
136  0  40.14  -95.52  0.83E-08
136  0  40.19  -95.52  0.24E-08
136  0  40.24  -95.52  0.98E-09
136  0  40.29  -95.52  0.10E-08
136  0  40.34  -95.52  0.19E-09
136  0  39.24  -95.47  0.99E-09
136  0  39.29  -95.47  0.40E-08
136  0  39.34  -95.47  0.12E-07
136  0  39.39  -95.47  0.22E-07
136  0  39.44  -95.47  0.34E-07
136  0  39.49  -95.47  0.48E-07
136  0  39.54  -95.47  0.76E-07
136  0  39.59  -95.47  0.10E-06
136  0  39.64  -95.47  0.12E-06
136  0  39.69  -95.47  0.15E-06
136  0  39.74  -95.47  0.14E-06
136  0  39.79  -95.47  0.13E-06
136  0  39.84  -95.47  0.11E-06
136  0  39.89  -95.47  0.88E-07
136  0  39.94  -95.47  0.66E-07
136  0  39.99  -95.47  0.53E-07
136  0  40.04  -95.47  0.33E-07
136  0  40.09  -95.47  0.15E-07
136  0  40.14  -95.47  0.17E-07
136  0  40.19  -95.47  0.73E-08
136  0  40.24  -95.47  0.16E-08
136  0  40.29  -95.47  0.92E-09
136  0  40.34  -95.47  0.58E-09
136  0  39.24  -95.42  0.14E-08
136  0  39.29  -95.42  0.38E-08
136  0  39.34  -95.42  0.99E-08
136  0  39.39  -95.42  0.20E-07
136  0  39.44  -95.42  0.25E-07
136  0  39.49  -95.42  0.28E-07
136  0  39.54  -95.42  0.59E-07
136  0  39.59  -95.42  0.90E-07
136  0  39.64  -95.42  0.96E-07
136  0  39.69  -95.42  0.13E-06
136  0  39.74  -95.42  0.13E-06
136  0  39.79  -95.42  0.12E-06
136  0  39.84  -95.42  0.10E-06
136  0  39.89  -95.42  0.94E-07
136  0  39.94  -95.42  0.68E-07
136  0  39.99  -95.42  0.54E-07
136  0  40.04  -95.42  0.43E-07
136  0  40.09  -95.42  0.24E-07
136  0  40.14  -95.42  0.16E-07
136  0  40.19  -95.42  0.13E-07
136  0  40.24  -95.42  0.54E-08
136  0  40.29  -95.42  0.13E-08
136  0  40.34  -95.42  0.12E-08
136  0  40.39  -95.42  0.72E-09
136  0  39.24  -95.37  0.33E-08
136  0  39.29  -95.37  0.23E-08
136  0  39.34  -95.37  0.11E-07
136  0  39.39  -95.37  0.14E-07
136  0  39.44  -95.37  0.22E-07
136  0  39.49  -95.37  0.22E-07
136  0  39.54  -95.37  0.45E-07
136  0  39.59  -95.37  0.68E-07
136  0  39.64  -95.37  0.89E-07
136  0  39.69  -95.37  0.10E-06
136  0  39.74  -95.37  0.11E-06
136  0  39.79  -95.37  0.11E-06
136  0  39.84  -95.37  0.11E-06
136  0  39.89  -95.37  0.94E-07
136  0  39.94  -95.37  0.75E-07
136  0  39.99  -95.37  0.58E-07
136  0  40.04  -95.37  0.45E-07
136  0  40.09  -95.37  0.35E-07
136  0  40.14  -95.37  0.15E-07
136  0  40.19  -95.37  0.15E-07
136  0  40.24  -95.37  0.11E-07
136  0  40.29  -95.37  0.41E-08
136  0  40.34  -95.37  0.29E-09
136  0  40.39  -95.37  0.98E-09
136  0  40.44  -95.37  0.12E-08
136  0  40.49  -95.37  0.14E-09
136  0  39.24  -95.32  0.41E-08
136  0  39.29  -95.32  0.34E-08
136  0  39.34  -95.32  0.88E-08
136  0  39.39  -95.32  0.10E-07
136  0  39.44  -95.32  0.21E-07
136  0  39.49  -95.32  0.15E-07
136  0  39.54  -95.32  0.33E-07
136  0  39.59  -95.32  0.56E-07
136  0  39.64  -95.32  0.71E-07
136  0  39.69  -95.32  0.87E-07
136  0  39.74  -95.32  0.10E-06
136  0  39.79  -95.32  0.96E-07
136  0  39.84  -95.32  0.10E-06
136  0  39.89  -95.32  0.81E-07
136  0  39.94  -95.32  0.83E-07
136  0  39.99  -95.32  0.66E-07
136  0  40.04  -95.32  0.42E-07
136  0  40.09  -95.32  0.38E-07
136  0  40.14  -95.32  0.24E-07
136  0  40.19  -95.32  0.14E-07
136  0  40.24  -95.32  0.12E-07
136  0  40.29  -95.32  0.94E-08
136  0  40.34  -95.32  0.39E-08
136  0  40.39  -95.32  0.22E-09
136  0  40.44  -95.32  0.54E-09
136  0  40.49  -95.32  0.55E-09
136  0  40.54  -95.32  0.28E-09
136  0  39.19  -95.27  0.12E-08
136  0  39.24  -95.27  0.27E-08
136  0  39.29  -95.27  0.28E-08
136  0  39.34  -95.27  0.87E-08
136  0  39.39  -95.27  0.76E-08
136  0  39.44  -95.27  0.17E-07
136  0  39.49  -95.27  0.15E-07
136  0  39.54  -95.27  0.26E-07
136  0  39.59  -95.27  0.46E-07
136  0  39.64  -95.27  0.54E-07
136  0  39.69  -95.27  0.77E-07
136  0  39.74  -95.27  0.88E-07
136  0  39.79  -95.27  0.82E-07
136  0  39.84  -95.27  0.89E-07
136  0  39.89  -95.27  0.79E-07
136  0  39.94  -95.27  0.72E-07
136  0  39.99  -95.27  0.69E-07
136  0  40.04  -95.27  0.51E-07
136  0  40.09  -95.27  0.32E-07
136  0  40.14  -95.27  0.29E-07
136  0  40.19  -95.27  0.20E-07
136  0  40.24  -95.27  0.11E-07
136  0  40.29  -95.27  0.95E-08
136  0  40.34  -95.27  0.62E-08
136  0  40.39  -95.27  0.35E-08
136  0  40.44  -95.27  0.35E-09
136  0  40.49  -95.27  0.47E-09
136  0  40.54  -95.27  0.28E-09
136  0  39.19  -95.22  0.95E-09
136  0  39.24  -95.22  0.33E-08
136  0  39.29  -95.22  0.21E-08
136  0  39.34  -95.22  0.10E-07
136  0  39.39  -95.22  0.71E-08
136  0  39.44  -95.22  0.11E-07
136  0  39.49  -95.22  0.13E-07
136  0  39.54  -95.22  0.26E-07
136  0  39.59  -95.22  0.38E-07
136  0  39.64  -95.22  0.49E-07
136  0  39.69  -95.22  0.59E-07
136  0  39.74  -95.22  0.75E-07
136  0  39.79  -95.22  0.75E-07
136  0  39.84  -95.22  0.76E-07
136  0  39.89  -95.22  0.76E-07
136  0  39.94  -95.22  0.57E-07
136  0  39.99  -95.22  0.62E-07
136  0  40.04  -95.22  0.62E-07
136  0  40.09  -95.22  0.30E-07
136  0  40.14  -95.22  0.30E-07
136  0  40.19  -95.22  0.18E-07
136  0  40.24  -95.22  0.16E-07
136  0  40.29  -95.22  0.10E-07
136  0  40.34  -95.22  0.86E-08
136  0  40.39  -95.22  0.52E-08
136  0  40.44  -95.22  0.18E-08
136  0  40.49  -95.22  0.54E-09
136  0  39.14  -95.17  0.47E-09
136  0  39.19  -95.17  0.14E-08
136  0  39.24  -95.17  0.17E-09
136  0  39.29  -95.17  0.30E-08
136  0  39.34  -95.17  0.54E-08
136  0  39.39  -95.17  0.84E-08
136  0  39.44  -95.17  0.96E-08
136  0  39.49  -95.17  0.11E-07
136  0  39.54  -95.17  0.22E-07
136  0  39.59  -95.17  0.30E-07
136  0  39.64  -95.17  0.43E-07
136  0  39.69  -95.17  0.47E-07
136  0  39.74  -95.17  0.59E-07
136  0  39.79  -95.17  0.69E-07
136  0  39.84  -95.17  0.64E-07
136  0  39.89  -95.17  0.69E-07
136  0  39.94  -95.17  0.61E-07
136  0  39.99  -95.17  0.55E-07
136  0  40.04  -95.17  0.51E-07
136  0  40.09  -95.17  0.45E-07
136  0  40.14  -95.17  0.26E-07
136  0  40.19  -95.17  0.24E-07
136  0  40.24  -95.17  0.14E-07
136  0  40.29  -95.17  0.11E-07
136  0  40.34  -95.17  0.85E-08
136  0  40.39  -95.17  0.69E-08
136  0  40.44  -95.17  0.39E-08
136  0  40.49  -95.17  0.98E-09
136  0  40.54  -95.17  0.27E-09
136  0  39.14  -95.12  0.47E-09
136  0  39.19  -95.12  0.28E-09
136  0  39.24  -95.12  0.52E-09
136  0  39.29  -95.12  0.25E-08
136  0  39.34  -95.12  0.22E-08
136  0  39.39  -95.12  0.85E-08
136  0  39.44  -95.12  0.94E-08
136  0  39.49  -95.12  0.98E-08
136  0  39.54  -95.12  0.17E-07
136  0  39.59  -95.12  0.24E-07
136  0  39.64  -95.12  0.30E-07
136  0  39.69  -95.12  0.46E-07
136  0  39.74  -95.12  0.45E-07
136  0  39.79  -95.12  0.55E-07
136  0  39.84  -95.12  0.50E-07
136  0  39.89  -95.12  0.55E-07
136  0  39.94  -95.12  0.45E-07
136  0  39.99  -95.12  0.56E-07
136  0  40.04  -95.12  0.40E-07
136  0  40.09  -95.12  0.47E-07
136  0  40.14  -95.12  0.26E-07
136  0  40.19  -95.12  0.22E-07
136  0  40.24  -95.12  0.19E-07
136  0  40.29  -95.12  0.86E-08
136  0  40.34  -95.12  0.80E-08
136  0  40.39  -95.12  0.79E-08
136  0  40.44  -95.12  0.64E-08
136  0  40.49  -95.12  0.34E-08
136  0  40.54  -95.12  0.18E-08
136  0  39.24  -95.07  0.11E-08
136  0  39.29  -95.07  0.17E-08
136  0  39.34  -95.07  0.26E-08
136  0  39.39  -95.07  0.37E-08
136  0  39.44  -95.07  0.60E-08
136  0  39.49  -95.07  0.82E-08
136  0  39.54  -95.07  0.17E-07
136  0  39.59  -95.07  0.21E-07
136  0  39.64  -95.07  0.24E-07
136  0  39.69  -95.07  0.34E-07
136  0  39.74  -95.07  0.45E-07
136  0  39.79  -95.07  0.46E-07
136  0  39.84  -95.07  0.36E-07
136  0  39.89  -95.07  0.48E-07
136  0  39.94  -95.07  0.44E-07
136  0  39.99  -95.07  0.45E-07
136  0  40.04  -95.07  0.35E-07
136  0  40.09  -95.07  0.43E-07
136  0  40.14  -95.07  0.29E-07
136  0  40.19  -95.07  0.23E-07
136  0  40.24  -95.07  0.19E-07
136  0  40.29  -95.07  0.12E-07
136  0  40.34  -95.07  0.68E-08
136  0  40.39  -95.07  0.55E-08
136  0  40.44  -95.07  0.59E-08
136  0  40.49  -95.07  0.42E-08
136  0  40.54  -95.07  0.22E-08
136  0  40.59  -95.07  0.41E-09
136  0  39.24  -95.02  0.14E-08
136  0  39.29  -95.02  0.26E-09
136  0  39.34  -95.02  0.32E-08
136  0  39.39  -95.02  0.34E-08
136  0  39.44  -95.02  0.47E-08
136  0  39.49  -95.02  0.76E-08
136  0  39.54  -95.02  0.83E-08
136  0  39.59  -95.02  0.17E-07
136  0  39.64  -95.02  0.21E-07
136  0  39.69  -95.02  0.27E-07
136  0  39.74  -95.02  0.30E-07
136  0  39.79  -95.02  0.40E-07
136  0  39.84  -95.02  0.34E-07
136  0  39.89  -95.02  0.34E-07
136  0  39.94  -95.02  0.39E-07
136  0  39.99  -95.02  0.34E-07
136  0  40.04  -95.02  0.33E-07
136  0  40.09  -95.02  0.34E-07
136  0  40.14  -95.02  0.30E-07
136  0  40.19  -95.02  0.21E-07
136  0  40.24  -95.02  0.19E-07
136  0  40.29  -95.02  0.19E-07
136  0  40.34  -95.02  0.76E-08
136  0  40.39  -95.02  0.53E-08
136  0  40.44  -95.02  0.39E-08
136  0  40.49  -95.02  0.46E-08
136  0  40.54  -95.02  0.35E-08
136  0  40.59  -95.02  0.18E-08
136  0  40.64  -95.02  0.13E-09
136  0  39.24  -94.97  0.12E-08
136  0  39.34  -94.97  0.12E-08
136  0  39.39  -94.97  0.35E-08
136  0  39.44  -94.97  0.28E-08
136  0  39.49  -94.97  0.72E-08
136  0  39.54  -94.97  0.42E-08
136  0  39.59  -94.97  0.12E-07
136  0  39.64  -94.97  0.14E-07
136  0  39.69  -94.97  0.22E-07
136  0  39.74  -94.97  0.22E-07
136  0  39.79  -94.97  0.33E-07
136  0  39.84  -94.97  0.26E-07
136  0  39.89  -94.97  0.29E-07
136  0  39.94  -94.97  0.29E-07
136  0  39.99  -94.97  0.32E-07
136  0  40.04  -94.97  0.28E-07
136  0  40.09  -94.97  0.30E-07
136  0  40.14  -94.97  0.25E-07
136  0  40.19  -94.97  0.19E-07
136  0  40.24  -94.97  0.17E-07
136  0  40.29  -94.97  0.15E-07
136  0  40.34  -94.97  0.10E-07
136  0  40.39  -94.97  0.59E-08
136  0  40.44  -94.97  0.47E-08
136  0  40.49  -94.97  0.28E-08
136  0  40.54  -94.97  0.26E-08
136  0  40.59  -94.97  0.26E-08
136  0  40.64  -94.97  0.13E-08
136  0  39.29  -94.92  0.45E-09
136  0  39.34  -94.92  0.45E-09
136  0  39.39  -94.92  0.24E-08
136  0  39.44  -94.92  0.83E-09
136  0  39.49  -94.92  0.57E-08
136  0  39.54  -94.92  0.26E-08
136  0  39.59  -94.92  0.86E-08
136  0  39.64  -94.92  0.61E-08
136  0  39.69  -94.92  0.19E-07
136  0  39.74  -94.92  0.16E-07
136  0  39.79  -94.92  0.24E-07
136  0  39.84  -94.92  0.27E-07
136  0  39.89  -94.92  0.20E-07
136  0  39.94  -94.92  0.18E-07
136  0  39.99  -94.92  0.26E-07
136  0  40.04  -94.92  0.26E-07
136  0  40.09  -94.92  0.22E-07
136  0  40.14  -94.92  0.25E-07
136  0  40.19  -94.92  0.14E-07
136  0  40.24  -94.92  0.18E-07
136  0  40.29  -94.92  0.14E-07
136  0  40.34  -94.92  0.12E-07
136  0  40.39  -94.92  0.62E-08
136  0  40.44  -94.92  0.46E-08
136  0  40.49  -94.92  0.30E-08
136  0  40.54  -94.92  0.18E-08
136  0  40.59  -94.92  0.24E-08
136  0  40.64  -94.92  0.16E-08
136  0  40.69  -94.92  0.66E-09
136  0  39.39  -94.87  0.78E-09
136  0  39.44  -94.87  0.32E-09
136  0  39.49  -94.87  0.29E-08
136  0  39.54  -94.87  0.18E-08
136  0  39.59  -94.87  0.64E-08
136  0  39.64  -94.87  0.39E-08
136  0  39.69  -94.87  0.13E-07
136  0  39.74  -94.87  0.10E-07
136  0  39.79  -94.87  0.17E-07
136  0  39.84  -94.87  0.20E-07
136  0  39.89  -94.87  0.18E-07
136  0  39.94  -94.87  0.14E-07
136  0  39.99  -94.87  0.17E-07
136  0  40.04  -94.87  0.19E-07
136  0  40.09  -94.87  0.16E-07
136  0  40.14  -94.87  0.20E-07
136  0  40.19  -94.87  0.14E-07
136  0  40.24  -94.87  0.14E-07
136  0  40.29  -94.87  0.11E-07
136  0  40.34  -94.87  0.11E-07
136  0  40.39  -94.87  0.84E-08
136  0  40.44  -94.87  0.44E-08
136  0  40.49  -94.87  0.46E-08
136  0  40.54  -94.87  0.20E-08
136  0  40.59  -94.87  0.17E-08
136  0  40.64  -94.87  0.20E-08
136  0  40.69  -94.87  0.83E-09
136  0  40.74  -94.87  0.48E-09
136  0  39.49  -94.82  0.95E-09
136  0  39.54  -94.82  0.20E-08
136  0  39.59  -94.82  0.43E-08
136  0  39.64  -94.82  0.26E-08
136  0  39.69  -94.82  0.78E-08
136  0  39.74  -94.82  0.73E-08
136  0  39.79  -94.82  0.13E-07
136  0  39.84  -94.82  0.17E-07
136  0  39.89  -94.82  0.12E-07
136  0  39.94  -94.82  0.14E-07
136  0  39.99  -94.82  0.12E-07
136  0  40.04  -94.82  0.14E-07
136  0  40.09  -94.82  0.85E-08
136  0  40.14  -94.82  0.17E-07
136  0  40.19  -94.82  0.10E-07
136  0  40.24  -94.82  0.12E-07
136  0  40.29  -94.82  0.10E-07
136  0  40.34  -94.82  0.11E-07
136  0  40.39  -94.82  0.69E-08
136  0  40.44  -94.82  0.56E-08
136  0  40.49  -94.82  0.28E-08
136  0  40.54  -94.82  0.22E-08
136  0  40.59  -94.82  0.21E-08
136  0  40.64  -94.82  0.35E-08
136  0  40.69  -94.82  0.99E-09
136  0  40.74  -94.82  0.35E-09
136  0  39.49  -94.77  0.50E-09
136  0  39.54  -94.77  0.11E-08
136  0  39.59  -94.77  0.23E-08
136  0  39.64  -94.77  0.18E-08
136  0  39.69  -94.77  0.60E-08
136  0  39.74  -94.77  0.47E-08
136  0  39.79  -94.77  0.67E-08
136  0  39.84  -94.77  0.15E-07
136  0  39.89  -94.77  0.12E-07
136  0  39.94  -94.77  0.89E-08
136  0  39.99  -94.77  0.10E-07
136  0  40.04  -94.77  0.11E-07
136  0  40.09  -94.77  0.43E-08
136  0  40.14  -94.77  0.11E-07
136  0  40.19  -94.77  0.79E-08
136  0  40.24  -94.77  0.70E-08
136  0  40.29  -94.77  0.12E-07
136  0  40.34  -94.77  0.94E-08
136  0  40.39  -94.77  0.57E-08
136  0  40.44  -94.77  0.26E-08
136  0  40.49  -94.77  0.29E-08
136  0  40.54  -94.77  0.23E-08
136  0  40.59  -94.77  0.10E-08
136  0  40.64  -94.77  0.19E-08
136  0  40.69  -94.77  0.12E-08
136  0  40.74  -94.77  0.31E-09
136  0  39.44  -94.72  0.44E-09
136  0  39.54  -94.72  0.49E-09
136  0  39.59  -94.72  0.32E-09
136  0  39.64  -94.72  0.10E-08
136  0  39.69  -94.72  0.43E-08
136  0  39.74  -94.72  0.37E-08
136  0  39.79  -94.72  0.30E-08
136  0  39.84  -94.72  0.77E-08
136  0  39.89  -94.72  0.67E-08
136  0  39.94  -94.72  0.68E-08
136  0  39.99  -94.72  0.69E-08
136  0  40.04  -94.72  0.67E-08
136  0  40.09  -94.72  0.44E-08
136  0  40.14  -94.72  0.92E-08
136  0  40.19  -94.72  0.69E-08
136  0  40.24  -94.72  0.48E-08
136  0  40.29  -94.72  0.80E-08
136  0  40.34  -94.72  0.66E-08
136  0  40.39  -94.72  0.59E-08
136  0  40.44  -94.72  0.20E-08
136  0  40.49  -94.72  0.29E-08
136  0  40.54  -94.72  0.25E-08
136  0  40.59  -94.72  0.10E-08
136  0  40.64  -94.72  0.48E-09
136  0  40.69  -94.72  0.13E-08
136  0  40.74  -94.72  0.44E-09
136  0  39.54  -94.67  0.14E-09
136  0  39.64  -94.67  0.17E-09
136  0  39.69  -94.67  0.23E-08
136  0  39.74  -94.67  0.31E-08
136  0  39.79  -94.67  0.22E-08
136  0  39.84  -94.67  0.26E-08
136  0  39.89  -94.67  0.40E-08
136  0  39.94  -94.67  0.39E-08
136  0  39.99  -94.67  0.31E-08
136  0  40.04  -94.67  0.54E-08
136  0  40.09  -94.67  0.29E-08
136  0  40.14  -94.67  0.62E-08
136  0  40.19  -94.67  0.54E-08
136  0  40.24  -94.67  0.21E-08
136  0  40.29  -94.67  0.70E-08
136  0  40.34  -94.67  0.44E-08
136  0  40.39  -94.67  0.77E-08
136  0  40.44  -94.67  0.13E-08
136  0  40.49  -94.67  0.12E-08
136  0  40.54  -94.67  0.28E-08
136  0  40.59  -94.67  0.24E-08
136  0  40.64  -94.67  0.30E-09
136  0  40.69  -94.67  0.42E-09
136  0  40.74  -94.67  0.22E-09
136  0  40.79  -94.67  0.22E-09
136  0  39.69  -94.62  0.56E-09
136  0  39.74  -94.62  0.17E-08
136  0  39.79  -94.62  0.16E-08
136  0  39.84  -94.62  0.17E-08
136  0  39.89  -94.62  0.19E-08
136  0  39.94  -94.62  0.16E-08
136  0  39.99  -94.62  0.32E-08
136  0  40.04  -94.62  0.29E-08
136  0  40.09  -94.62  0.35E-08
136  0  40.14  -94.62  0.50E-08
136  0  40.19  -94.62  0.36E-08
136  0  40.24  -94.62  0.19E-08
136  0  40.29  -94.62  0.56E-08
136  0  40.34  -94.62  0.42E-08
136  0  40.39  -94.62  0.32E-08
136  0  40.44  -94.62  0.44E-08
136  0  40.49  -94.62  0.61E-09
136  0  40.54  -94.62  0.11E-08
136  0  40.59  -94.62  0.23E-08
136  0  40.64  -94.62  0.89E-09
136  0  40.74  -94.62  0.21E-09
136  0  40.79  -94.62  0.22E-09
136  0  39.69  -94.57  0.56E-09
136  0  39.74  -94.57  0.17E-09
136  0  39.79  -94.57  0.13E-08
136  0  39.84  -94.57  0.11E-08
136  0  39.89  -94.57  0.17E-08
136  0  39.94  -94.57  0.48E-09
136  0  39.99  -94.57  0.14E-08
136  0  40.04  -94.57  0.18E-08
136  0  40.09  -94.57  0.21E-08
136  0  40.14  -94.57  0.41E-08
136  0  40.19  -94.57  0.21E-08
136  0  40.24  -94.57  0.21E-08
136  0  40.29  -94.57  0.41E-08
136  0  40.34  -94.57  0.25E-08
136  0  40.39  -94.57  0.11E-08
136  0  40.44  -94.57  0.25E-08
136  0  40.49  -94.57  0.91E-09
136  0  40.54  -94.57  0.23E-09
136  0  40.59  -94.57  0.13E-08
136  0  40.64  -94.57  0.59E-09
136  0  40.79  -94.57  0.44E-09
136  0  39.69  -94.52  0.19E-09
136  0  39.79  -94.52  0.93E-09
136  0  39.84  -94.52  0.77E-09
136  0  39.89  -94.52  0.89E-09
136  0  39.94  -94.52  0.71E-09
136  0  39.99  -94.52  0.66E-09
136  0  40.04  -94.52  0.19E-08
136  0  40.09  -94.52  0.15E-08
136  0  40.14  -94.52  0.30E-08
136  0  40.19  -94.52  0.15E-08
136  0  40.24  -94.52  0.17E-08
136  0  40.29  -94.52  0.16E-08
136  0  40.34  -94.52  0.15E-08
136  0  40.39  -94.52  0.15E-08
136  0  40.44  -94.52  0.15E-08
136  0  40.49  -94.52  0.73E-09
136  0  40.59  -94.52  0.17E-09
136  0  40.64  -94.52  0.58E-09
136  0  40.84  -94.52  0.44E-09
136  0  39.79  -94.47  0.35E-09
136  0  39.84  -94.47  0.19E-09
136  0  39.89  -94.47  0.82E-09
136  0  39.94  -94.47  0.48E-09
136  0  39.99  -94.47  0.22E-09
136  0  40.04  -94.47  0.51E-09
136  0  40.09  -94.47  0.85E-09
136  0  40.14  -94.47  0.23E-08
136  0  40.19  -94.47  0.19E-08
136  0  40.24  -94.47  0.87E-09
136  0  40.29  -94.47  0.98E-09
136  0  40.34  -94.47  0.10E-08
136  0  40.39  -94.47  0.72E-09
136  0  40.44  -94.47  0.15E-08
136  0  40.49  -94.47  0.66E-09
136  0  40.54  -94.47  0.18E-09
136  0  40.64  -94.47  0.17E-09
136  0  40.84  -94.47  0.44E-09
136  0  39.79  -94.42  0.23E-09
136  0  39.89  -94.42  0.82E-09
136  0  39.94  -94.42  0.71E-09
136  0  40.04  -94.42  0.14E-09
136  0  40.09  -94.42  0.42E-09
136  0  40.14  -94.42  0.11E-08
136  0  40.19  -94.42  0.12E-08
136  0  40.24  -94.42  0.69E-09
136  0  40.29  -94.42  0.48E-09
136  0  40.34  -94.42  0.79E-09
136  0  40.39  -94.42  0.72E-09
136  0  40.44  -94.42  0.41E-09
136  0  40.49  -94.42  0.84E-09
136  0  40.54  -94.42  0.35E-09
136  0  40.64  -94.42  0.17E-09
136  0  40.89  -94.42  0.44E-09
136  0  39.89  -94.37  0.21E-09
136  0  39.94  -94.37  0.48E-09
136  0  40.09  -94.37  0.21E-09
136  0  40.14  -94.37  0.11E-08
136  0  40.24  -94.37  0.46E-09
136  0  40.29  -94.37  0.16E-09
136  0  40.34  -94.37  0.96E-09
136  0  40.39  -94.37  0.24E-09
136  0  40.44  -94.37  0.35E-09
136  0  40.49  -94.37  0.48E-09
136  0  40.54  -94.37  0.42E-09
136  0  40.89  -94.37  0.44E-09
136  0  40.19  -94.32  0.24E-09
136  0  40.24  -94.32  0.46E-09
136  0  40.29  -94.32  0.43E-09
136  0  40.39  -94.32  0.36E-09
136  0  40.44  -94.32  0.17E-09
136  0  40.49  -94.32  0.12E-09
136  0  40.94  -94.32  0.44E-09
136  0  40.24  -94.27  0.46E-09
136  0  40.29  -94.27  0.22E-09
136  0  40.39  -94.27  0.36E-09
136  0  40.49  -94.27  0.24E-09
136  0  40.24  -94.22  0.68E-09
136  0  40.24  -94.17  0.46E-09
136  0  40.24  -94.12  0.46E-09
136  0  40.24  -94.07  0.46E-09
136  0  40.24  -94.02  0.23E-09
