YEAR  MO  DA  HR      LAT       LON   CO2 10000
2012   1   1  12  36.2168  -81.6746  0.5499E-06
2012   1   1  12  36.2668  -81.6746  0.4908E-07
2012   1   1  12  36.1668  -81.6246  0.1666E-08
2012   1   1  12  36.2168  -81.6246  0.3850E-06
2012   1   1  12  36.2668  -81.6246  0.7300E-06
2012   1   1  12  36.3168  -81.6246  0.7924E-07
2012   1   1  12  36.1668  -81.5746  0.2388E-07
2012   1   1  12  36.2168  -81.5746  0.1878E-06
2012   1   1  12  36.2668  -81.5746  0.2765E-06
2012   1   1  12  36.3168  -81.5746  0.4828E-06
2012   1   1  12  36.3668  -81.5746  0.9442E-07
2012   1   1  12  36.4168  -81.5746  0.2665E-08
2012   1   1  12  36.1668  -81.5246  0.3391E-07
2012   1   1  12  36.2168  -81.5246  0.1335E-06
2012   1   1  12  36.2668  -81.5246  0.1191E-06
2012   1   1  12  36.3168  -81.5246  0.2421E-06
2012   1   1  12  36.3668  -81.5246  0.3579E-06
2012   1   1  12  36.4168  -81.5246  0.9522E-07
2012   1   1  12  36.4668  -81.5246  0.6897E-08
2012   1   1  12  36.5168  -81.5246  0.8942E-10
2012   1   1  12  36.1668  -81.4746  0.3029E-07
2012   1   1  12  36.2168  -81.4746  0.1053E-06
2012   1   1  12  36.2668  -81.4746  0.8770E-07
2012   1   1  12  36.3168  -81.4746  0.1062E-06
2012   1   1  12  36.3668  -81.4746  0.2126E-06
2012   1   1  12  36.4168  -81.4746  0.2958E-06
2012   1   1  12  36.4668  -81.4746  0.8920E-07
2012   1   1  12  36.5168  -81.4746  0.1057E-07
2012   1   1  12  36.5668  -81.4746  0.8948E-10
2012   1   1  12  36.1168  -81.4246  0.1020E-08
2012   1   1  12  36.1668  -81.4246  0.1496E-07
2012   1   1  12  36.2168  -81.4246  0.7425E-07
2012   1   1  12  36.2668  -81.4246  0.8280E-07
2012   1   1  12  36.3168  -81.4246  0.7256E-07
2012   1   1  12  36.3668  -81.4246  0.9833E-07
2012   1   1  12  36.4168  -81.4246  0.1964E-06
2012   1   1  12  36.4668  -81.4246  0.2394E-06
2012   1   1  12  36.5168  -81.4246  0.8227E-07
2012   1   1  12  36.5668  -81.4246  0.1319E-07
2012   1   1  12  36.6168  -81.4246  0.3582E-09
2012   1   1  12  36.1668  -81.3746  0.4761E-08
2012   1   1  12  36.2168  -81.3746  0.4321E-07
2012   1   1  12  36.2668  -81.3746  0.6951E-07
2012   1   1  12  36.3168  -81.3746  0.6681E-07
2012   1   1  12  36.3668  -81.3746  0.6662E-07
2012   1   1  12  36.4168  -81.3746  0.9124E-07
2012   1   1  12  36.4668  -81.3746  0.1764E-06
2012   1   1  12  36.5168  -81.3746  0.2033E-06
2012   1   1  12  36.5668  -81.3746  0.7481E-07
2012   1   1  12  36.6168  -81.3746  0.1606E-07
2012   1   1  12  36.6668  -81.3746  0.7616E-09
2012   1   1  12  36.1668  -81.3246  0.3401E-09
2012   1   1  12  36.2168  -81.3246  0.1301E-07
2012   1   1  12  36.2668  -81.3246  0.4571E-07
2012   1   1  12  36.3168  -81.3246  0.6331E-07
2012   1   1  12  36.3668  -81.3246  0.5584E-07
2012   1   1  12  36.4168  -81.3246  0.5633E-07
2012   1   1  12  36.4668  -81.3246  0.8920E-07
2012   1   1  12  36.5168  -81.3246  0.1615E-06
2012   1   1  12  36.5668  -81.3246  0.1637E-06
2012   1   1  12  36.6168  -81.3246  0.5939E-07
2012   1   1  12  36.6668  -81.3246  0.1368E-07
2012   1   1  12  36.7168  -81.3246  0.1868E-08
2012   1   1  12  36.2168  -81.2746  0.5955E-09
2012   1   1  12  36.2668  -81.2746  0.1316E-07
2012   1   1  12  36.3168  -81.2746  0.3830E-07
2012   1   1  12  36.3668  -81.2746  0.5565E-07
2012   1   1  12  36.4168  -81.2746  0.5232E-07
2012   1   1  12  36.4668  -81.2746  0.5049E-07
2012   1   1  12  36.5168  -81.2746  0.8945E-07
2012   1   1  12  36.5668  -81.2746  0.1486E-06
2012   1   1  12  36.6168  -81.2746  0.1339E-06
2012   1   1  12  36.6668  -81.2746  0.5223E-07
2012   1   1  12  36.7168  -81.2746  0.1447E-07
2012   1   1  12  36.7668  -81.2746  0.2258E-08
2012   1   1  12  36.2668  -81.2246  0.1107E-08
2012   1   1  12  36.3168  -81.2246  0.1141E-07
2012   1   1  12  36.3668  -81.2246  0.3314E-07
2012   1   1  12  36.4168  -81.2246  0.4970E-07
2012   1   1  12  36.4668  -81.2246  0.5009E-07
2012   1   1  12  36.5168  -81.2246  0.4718E-07
2012   1   1  12  36.5668  -81.2246  0.8502E-07
2012   1   1  12  36.6168  -81.2246  0.1327E-06
2012   1   1  12  36.6668  -81.2246  0.1183E-06
2012   1   1  12  36.7168  -81.2246  0.4957E-07
2012   1   1  12  36.7668  -81.2246  0.1398E-07
2012   1   1  12  36.8168  -81.2246  0.2454E-08
2012   1   1  12  36.8668  -81.2246  0.3144E-09
2012   1   1  12  36.3168  -81.1746  0.2555E-09
2012   1   1  12  36.3668  -81.1746  0.9638E-08
2012   1   1  12  36.4168  -81.1746  0.2774E-07
2012   1   1  12  36.4668  -81.1746  0.4285E-07
2012   1   1  12  36.5168  -81.1746  0.4546E-07
2012   1   1  12  36.5668  -81.1746  0.4763E-07
2012   1   1  12  36.6168  -81.1746  0.8419E-07
2012   1   1  12  36.6668  -81.1746  0.1179E-06
2012   1   1  12  36.7168  -81.1746  0.1047E-06
2012   1   1  12  36.7668  -81.1746  0.5061E-07
2012   1   1  12  36.8168  -81.1746  0.1453E-07
2012   1   1  12  36.8668  -81.1746  0.3534E-08
2012   1   1  12  36.9168  -81.1746  0.3896E-09
2012   1   1  12  36.3168  -81.1246  0.1704E-09
2012   1   1  12  36.3668  -81.1246  0.1193E-08
2012   1   1  12  36.4168  -81.1246  0.1020E-07
2012   1   1  12  36.4668  -81.1246  0.2347E-07
2012   1   1  12  36.5168  -81.1246  0.3665E-07
2012   1   1  12  36.5668  -81.1246  0.4608E-07
2012   1   1  12  36.6168  -81.1246  0.4701E-07
2012   1   1  12  36.6668  -81.1246  0.8159E-07
2012   1   1  12  36.7168  -81.1246  0.1032E-06
2012   1   1  12  36.7668  -81.1246  0.9414E-07
2012   1   1  12  36.8168  -81.1246  0.5425E-07
2012   1   1  12  36.8668  -81.1246  0.1822E-07
2012   1   1  12  36.9168  -81.1246  0.4315E-08
2012   1   1  12  36.9668  -81.1246  0.7947E-09
2012   1   1  12  36.3668  -81.0746  0.1705E-09
2012   1   1  12  36.4168  -81.0746  0.1535E-08
2012   1   1  12  36.4668  -81.0746  0.8870E-08
2012   1   1  12  36.5168  -81.0746  0.1892E-07
2012   1   1  12  36.5668  -81.0746  0.3642E-07
2012   1   1  12  36.6168  -81.0746  0.4260E-07
2012   1   1  12  36.6668  -81.0746  0.5259E-07
2012   1   1  12  36.7168  -81.0746  0.7162E-07
2012   1   1  12  36.7668  -81.0746  0.9301E-07
2012   1   1  12  36.8168  -81.0746  0.8685E-07
2012   1   1  12  36.8668  -81.0746  0.5515E-07
2012   1   1  12  36.9168  -81.0746  0.2239E-07
2012   1   1  12  36.9668  -81.0746  0.7377E-08
2012   1   1  12  37.0168  -81.0746  0.1080E-08
2012   1   1  12  36.4168  -81.0246  0.1705E-09
2012   1   1  12  36.4668  -81.0246  0.2397E-08
2012   1   1  12  36.5168  -81.0246  0.7518E-08
2012   1   1  12  36.5668  -81.0246  0.1689E-07
2012   1   1  12  36.6168  -81.0246  0.3404E-07
2012   1   1  12  36.6668  -81.0246  0.4344E-07
2012   1   1  12  36.7168  -81.0246  0.5335E-07
2012   1   1  12  36.7668  -81.0246  0.6006E-07
2012   1   1  12  36.8168  -81.0246  0.7836E-07
2012   1   1  12  36.8668  -81.0246  0.7926E-07
2012   1   1  12  36.9168  -81.0246  0.6087E-07
2012   1   1  12  36.9668  -81.0246  0.2785E-07
2012   1   1  12  37.0168  -81.0246  0.9633E-08
2012   1   1  12  37.0668  -81.0246  0.1772E-08
2012   1   1  12  36.4168  -80.9746  0.1706E-09
2012   1   1  12  36.4668  -80.9746  0.3413E-09
2012   1   1  12  36.5168  -80.9746  0.2399E-08
2012   1   1  12  36.5668  -80.9746  0.6018E-08
2012   1   1  12  36.6168  -80.9746  0.1561E-07
2012   1   1  12  36.6668  -80.9746  0.3000E-07
2012   1   1  12  36.7168  -80.9746  0.4282E-07
2012   1   1  12  36.7668  -80.9746  0.4874E-07
2012   1   1  12  36.8168  -80.9746  0.5224E-07
2012   1   1  12  36.8668  -80.9746  0.6564E-07
2012   1   1  12  36.9168  -80.9746  0.6497E-07
2012   1   1  12  36.9668  -80.9746  0.5521E-07
2012   1   1  12  37.0168  -80.9746  0.3226E-07
2012   1   1  12  37.0668  -80.9746  0.1455E-07
2012   1   1  12  37.1168  -80.9746  0.4537E-08
2012   1   1  12  37.1668  -80.9746  0.1052E-08
2012   1   1  12  36.5168  -80.9246  0.6830E-09
2012   1   1  12  36.5668  -80.9246  0.2970E-08
2012   1   1  12  36.6168  -80.9246  0.5700E-08
2012   1   1  12  36.6668  -80.9246  0.1529E-07
2012   1   1  12  36.7168  -80.9246  0.2837E-07
2012   1   1  12  36.7668  -80.9246  0.4125E-07
2012   1   1  12  36.8168  -80.9246  0.4158E-07
2012   1   1  12  36.8668  -80.9246  0.4285E-07
2012   1   1  12  36.9168  -80.9246  0.5705E-07
2012   1   1  12  36.9668  -80.9246  0.5972E-07
2012   1   1  12  37.0168  -80.9246  0.5154E-07
2012   1   1  12  37.0668  -80.9246  0.3213E-07
2012   1   1  12  37.1168  -80.9246  0.1680E-07
2012   1   1  12  37.1668  -80.9246  0.5352E-08
2012   1   1  12  37.2168  -80.9246  0.1399E-08
2012   1   1  12  37.2668  -80.9246  0.2258E-09
2012   1   1  12  36.5168  -80.8746  0.2846E-09
2012   1   1  12  36.5668  -80.8746  0.3418E-09
2012   1   1  12  36.6168  -80.8746  0.2429E-08
2012   1   1  12  36.6668  -80.8746  0.5975E-08
2012   1   1  12  36.7168  -80.8746  0.1491E-07
2012   1   1  12  36.7668  -80.8746  0.2267E-07
2012   1   1  12  36.8168  -80.8746  0.3285E-07
2012   1   1  12  36.8668  -80.8746  0.3347E-07
2012   1   1  12  36.9168  -80.8746  0.3610E-07
2012   1   1  12  36.9668  -80.8746  0.4556E-07
2012   1   1  12  37.0168  -80.8746  0.5112E-07
2012   1   1  12  37.0668  -80.8746  0.4440E-07
2012   1   1  12  37.1168  -80.8746  0.3354E-07
2012   1   1  12  37.1668  -80.8746  0.1792E-07
2012   1   1  12  37.2168  -80.8746  0.8395E-08
2012   1   1  12  37.2668  -80.8746  0.2725E-08
2012   1   1  12  37.3168  -80.8746  0.6026E-09
2012   1   1  12  37.3668  -80.8746  0.7537E-10
2012   1   1  12  36.5668  -80.8246  0.4272E-09
2012   1   1  12  36.6168  -80.8246  0.7125E-09
2012   1   1  12  36.6668  -80.8246  0.2152E-08
2012   1   1  12  36.7168  -80.8246  0.5476E-08
2012   1   1  12  36.7668  -80.8246  0.1447E-07
2012   1   1  12  36.8168  -80.8246  0.2036E-07
2012   1   1  12  36.8668  -80.8246  0.2575E-07
2012   1   1  12  36.9168  -80.8246  0.2497E-07
2012   1   1  12  36.9668  -80.8246  0.2816E-07
2012   1   1  12  37.0168  -80.8246  0.3755E-07
2012   1   1  12  37.0668  -80.8246  0.4612E-07
2012   1   1  12  37.1168  -80.8246  0.4379E-07
2012   1   1  12  37.1668  -80.8246  0.3396E-07
2012   1   1  12  37.2168  -80.8246  0.1865E-07
2012   1   1  12  37.2668  -80.8246  0.9198E-08
2012   1   1  12  37.3168  -80.8246  0.3239E-08
2012   1   1  12  37.3668  -80.8246  0.1658E-08
2012   1   1  12  37.4168  -80.8246  0.7541E-10
2012   1   1  12  36.6168  -80.7746  0.2850E-09
2012   1   1  12  36.6668  -80.7746  0.8624E-09
2012   1   1  12  36.7168  -80.7746  0.3152E-08
2012   1   1  12  36.7668  -80.7746  0.6886E-08
2012   1   1  12  36.8168  -80.7746  0.1325E-07
2012   1   1  12  36.8668  -80.7746  0.1673E-07
2012   1   1  12  36.9168  -80.7746  0.2001E-07
2012   1   1  12  36.9668  -80.7746  0.2260E-07
2012   1   1  12  37.0168  -80.7746  0.2438E-07
2012   1   1  12  37.0668  -80.7746  0.3058E-07
2012   1   1  12  37.1168  -80.7746  0.3579E-07
2012   1   1  12  37.1668  -80.7746  0.3511E-07
2012   1   1  12  37.2168  -80.7746  0.2973E-07
2012   1   1  12  37.2668  -80.7746  0.1910E-07
2012   1   1  12  37.3168  -80.7746  0.8647E-08
2012   1   1  12  37.3668  -80.7746  0.3542E-08
2012   1   1  12  37.4168  -80.7746  0.5279E-09
2012   1   1  12  37.4668  -80.7746  0.7545E-10
2012   1   1  12  36.6168  -80.7246  0.3705E-09
2012   1   1  12  36.6668  -80.7246  0.2281E-09
2012   1   1  12  36.7168  -80.7246  0.1205E-08
2012   1   1  12  36.7668  -80.7246  0.3614E-08
2012   1   1  12  36.8168  -80.7246  0.6621E-08
2012   1   1  12  36.8668  -80.7246  0.1199E-07
2012   1   1  12  36.9168  -80.7246  0.1438E-07
2012   1   1  12  36.9668  -80.7246  0.1625E-07
2012   1   1  12  37.0168  -80.7246  0.1920E-07
2012   1   1  12  37.0668  -80.7246  0.2063E-07
2012   1   1  12  37.1168  -80.7246  0.2599E-07
2012   1   1  12  37.1668  -80.7246  0.3326E-07
2012   1   1  12  37.2168  -80.7246  0.3128E-07
2012   1   1  12  37.2668  -80.7246  0.2623E-07
2012   1   1  12  37.3168  -80.7246  0.1713E-07
2012   1   1  12  37.3668  -80.7246  0.8510E-08
2012   1   1  12  37.4168  -80.7246  0.2791E-08
2012   1   1  12  37.4668  -80.7246  0.9056E-09
2012   1   1  12  36.6668  -80.6746  0.3137E-09
2012   1   1  12  36.7168  -80.6746  0.2609E-09
2012   1   1  12  36.7668  -80.6746  0.1995E-08
2012   1   1  12  36.8168  -80.6746  0.4690E-08
2012   1   1  12  36.8668  -80.6746  0.7283E-08
2012   1   1  12  36.9168  -80.6746  0.1033E-07
2012   1   1  12  36.9668  -80.6746  0.1066E-07
2012   1   1  12  37.0168  -80.6746  0.1216E-07
2012   1   1  12  37.0668  -80.6746  0.1611E-07
2012   1   1  12  37.1168  -80.6746  0.1815E-07
2012   1   1  12  37.1668  -80.6746  0.1828E-07
2012   1   1  12  37.2168  -80.6746  0.2528E-07
2012   1   1  12  37.2668  -80.6746  0.2556E-07
2012   1   1  12  37.3168  -80.6746  0.1959E-07
2012   1   1  12  37.3668  -80.6746  0.1389E-07
2012   1   1  12  37.4168  -80.6746  0.6296E-08
2012   1   1  12  37.4668  -80.6746  0.1798E-08
2012   1   1  12  37.5168  -80.6746  0.6042E-09
2012   1   1  12  37.5668  -80.6746  0.3023E-09
2012   1   1  12  36.6668  -80.6246  0.8556E-10
2012   1   1  12  36.7168  -80.6246  0.2568E-09
2012   1   1  12  36.7668  -80.6246  0.5222E-09
2012   1   1  12  36.8168  -80.6246  0.2869E-08
2012   1   1  12  36.8668  -80.6246  0.4615E-08
2012   1   1  12  36.9168  -80.6246  0.7884E-08
2012   1   1  12  36.9668  -80.6246  0.9466E-08
2012   1   1  12  37.0168  -80.6246  0.8857E-08
2012   1   1  12  37.0668  -80.6246  0.8312E-08
2012   1   1  12  37.1168  -80.6246  0.1279E-07
2012   1   1  12  37.1668  -80.6246  0.1514E-07
2012   1   1  12  37.2168  -80.6246  0.1601E-07
2012   1   1  12  37.2668  -80.6246  0.1932E-07
2012   1   1  12  37.3168  -80.6246  0.1579E-07
2012   1   1  12  37.3668  -80.6246  0.1172E-07
2012   1   1  12  37.4168  -80.6246  0.7453E-08
2012   1   1  12  37.4668  -80.6246  0.3756E-08
2012   1   1  12  37.5168  -80.6246  0.1126E-08
2012   1   1  12  37.5668  -80.6246  0.3778E-09
2012   1   1  12  37.6168  -80.6246  0.2269E-09
2012   1   1  12  36.7168  -80.5746  0.3424E-09
2012   1   1  12  36.7668  -80.5746  0.8976E-10
2012   1   1  12  36.8168  -80.5746  0.1396E-08
2012   1   1  12  36.8668  -80.5746  0.3737E-08
2012   1   1  12  36.9168  -80.5746  0.4577E-08
2012   1   1  12  36.9668  -80.5746  0.7496E-08
2012   1   1  12  37.0168  -80.5746  0.7746E-08
2012   1   1  12  37.0668  -80.5746  0.8318E-08
2012   1   1  12  37.1168  -80.5746  0.7825E-08
2012   1   1  12  37.1668  -80.5746  0.1090E-07
2012   1   1  12  37.2168  -80.5746  0.1035E-07
2012   1   1  12  37.2668  -80.5746  0.1043E-07
2012   1   1  12  37.3168  -80.5746  0.1342E-07
2012   1   1  12  37.3668  -80.5746  0.1184E-07
2012   1   1  12  37.4168  -80.5746  0.9269E-08
2012   1   1  12  37.4668  -80.5746  0.5357E-08
2012   1   1  12  37.5168  -80.5746  0.3694E-08
2012   1   1  12  37.5668  -80.5746  0.8313E-09
2012   1   1  12  37.6168  -80.5746  0.7560E-10
2012   1   1  12  36.7168  -80.5246  0.1712E-09
2012   1   1  12  36.7668  -80.5246  0.1713E-09
2012   1   1  12  36.8168  -80.5246  0.4368E-09
2012   1   1  12  36.8668  -80.5246  0.2005E-08
2012   1   1  12  36.9168  -80.5246  0.4528E-08
2012   1   1  12  36.9668  -80.5246  0.4838E-08
2012   1   1  12  37.0168  -80.5246  0.6557E-08
2012   1   1  12  37.0668  -80.5246  0.6537E-08
2012   1   1  12  37.1168  -80.5246  0.7287E-08
2012   1   1  12  37.1668  -80.5246  0.7701E-08
2012   1   1  12  37.2168  -80.5246  0.9724E-08
2012   1   1  12  37.2668  -80.5246  0.1045E-07
2012   1   1  12  37.3168  -80.5246  0.8149E-08
2012   1   1  12  37.3668  -80.5246  0.8036E-08
2012   1   1  12  37.4168  -80.5246  0.7750E-08
2012   1   1  12  37.4668  -80.5246  0.5888E-08
2012   1   1  12  37.5168  -80.5246  0.2397E-08
2012   1   1  12  37.5668  -80.5246  0.1055E-08
2012   1   1  12  37.6168  -80.5246  0.6806E-09
2012   1   1  12  36.7668  -80.4746  0.3426E-09
2012   1   1  12  36.8168  -80.4746  0.1796E-09
2012   1   1  12  36.8668  -80.4746  0.1307E-08
2012   1   1  12  36.9168  -80.4746  0.2886E-08
2012   1   1  12  36.9668  -80.4746  0.4212E-08
2012   1   1  12  37.0168  -80.4746  0.5900E-08
2012   1   1  12  37.0668  -80.4746  0.6057E-08
2012   1   1  12  37.1168  -80.4746  0.5912E-08
2012   1   1  12  37.1668  -80.4746  0.5442E-08
2012   1   1  12  37.2168  -80.4746  0.5170E-08
2012   1   1  12  37.2668  -80.4746  0.7914E-08
2012   1   1  12  37.3168  -80.4746  0.9500E-08
2012   1   1  12  37.3668  -80.4746  0.7338E-08
2012   1   1  12  37.4168  -80.4746  0.6087E-08
2012   1   1  12  37.4668  -80.4746  0.4483E-08
2012   1   1  12  37.5168  -80.4746  0.1522E-08
2012   1   1  12  37.5668  -80.4746  0.1663E-08
2012   1   1  12  37.6168  -80.4746  0.1059E-08
2012   1   1  12  36.7668  -80.4246  0.1714E-09
2012   1   1  12  36.8168  -80.4246  0.1714E-09
2012   1   1  12  36.8668  -80.4246  0.6168E-09
2012   1   1  12  36.9168  -80.4246  0.1741E-08
2012   1   1  12  36.9668  -80.4246  0.3746E-08
2012   1   1  12  37.0168  -80.4246  0.3687E-08
2012   1   1  12  37.0668  -80.4246  0.6478E-08
2012   1   1  12  37.1168  -80.4246  0.5108E-08
2012   1   1  12  37.1668  -80.4246  0.5080E-08
2012   1   1  12  37.2168  -80.4246  0.4682E-08
2012   1   1  12  37.2668  -80.4246  0.5631E-08
2012   1   1  12  37.3168  -80.4246  0.6768E-08
2012   1   1  12  37.3668  -80.4246  0.6514E-08
2012   1   1  12  37.4168  -80.4246  0.5875E-08
2012   1   1  12  37.4668  -80.4246  0.5572E-08
2012   1   1  12  37.5168  -80.4246  0.3464E-08
2012   1   1  12  37.5668  -80.4246  0.5942E-09
2012   1   1  12  37.6168  -80.4246  0.5294E-09
2012   1   1  12  37.6668  -80.4246  0.3027E-09
2012   1   1  12  37.7168  -80.4246  0.7572E-10
2012   1   1  12  36.8168  -80.3746  0.3428E-09
2012   1   1  12  36.8668  -80.3746  0.1797E-09
2012   1   1  12  36.9168  -80.3746  0.1132E-08
2012   1   1  12  36.9668  -80.3746  0.2707E-08
2012   1   1  12  37.0168  -80.3746  0.3683E-08
2012   1   1  12  37.0668  -80.3746  0.4020E-08
2012   1   1  12  37.1168  -80.3746  0.5104E-08
2012   1   1  12  37.1668  -80.3746  0.4714E-08
2012   1   1  12  37.2168  -80.3746  0.5110E-08
2012   1   1  12  37.2668  -80.3746  0.4347E-08
2012   1   1  12  37.3168  -80.3746  0.4926E-08
2012   1   1  12  37.3668  -80.3746  0.4941E-08
2012   1   1  12  37.4168  -80.3746  0.6911E-08
2012   1   1  12  37.4668  -80.3746  0.3701E-08
2012   1   1  12  37.5168  -80.3746  0.4254E-08
2012   1   1  12  37.5668  -80.3746  0.2477E-08
2012   1   1  12  37.6168  -80.3746  0.4400E-09
2012   1   1  12  37.6668  -80.3746  0.2958E-09
2012   1   1  12  36.8168  -80.3246  0.2572E-09
2012   1   1  12  36.8668  -80.3246  0.8575E-10
2012   1   1  12  36.9168  -80.3246  0.5314E-09
2012   1   1  12  36.9668  -80.3246  0.1399E-08
2012   1   1  12  37.0168  -80.3246  0.3487E-08
2012   1   1  12  37.0668  -80.3246  0.3212E-08
2012   1   1  12  37.1168  -80.3246  0.3997E-08
2012   1   1  12  37.1668  -80.3246  0.5394E-08
2012   1   1  12  37.2168  -80.3246  0.4802E-08
2012   1   1  12  37.2668  -80.3246  0.4076E-08
2012   1   1  12  37.3168  -80.3246  0.3547E-08
2012   1   1  12  37.3668  -80.3246  0.4063E-08
2012   1   1  12  37.4168  -80.3246  0.4980E-08
2012   1   1  12  37.4668  -80.3246  0.4892E-08
2012   1   1  12  37.5168  -80.3246  0.3628E-08
2012   1   1  12  37.5668  -80.3246  0.1934E-08
2012   1   1  12  37.6168  -80.3246  0.1430E-08
2012   1   1  12  37.6668  -80.3246  0.7570E-10
2012   1   1  12  37.7168  -80.3246  0.1446E-09
2012   1   1  12  36.8168  -80.2746  0.8574E-10
2012   1   1  12  36.8668  -80.2746  0.1715E-09
2012   1   1  12  36.9168  -80.2746  0.1798E-09
2012   1   1  12  36.9668  -80.2746  0.1047E-08
2012   1   1  12  37.0168  -80.2746  0.1928E-08
2012   1   1  12  37.0668  -80.2746  0.3819E-08
2012   1   1  12  37.1168  -80.2746  0.3481E-08
2012   1   1  12  37.1668  -80.2746  0.3466E-08
2012   1   1  12  37.2168  -80.2746  0.4857E-08
2012   1   1  12  37.2668  -80.2746  0.4360E-08
2012   1   1  12  37.3168  -80.2746  0.3235E-08
2012   1   1  12  37.3668  -80.2746  0.3428E-08
2012   1   1  12  37.4168  -80.2746  0.3175E-08
2012   1   1  12  37.4668  -80.2746  0.3929E-08
2012   1   1  12  37.5168  -80.2746  0.4220E-08
2012   1   1  12  37.5668  -80.2746  0.2712E-08
2012   1   1  12  37.6168  -80.2746  0.9624E-09
2012   1   1  12  37.6668  -80.2746  0.3784E-09
2012   1   1  12  36.8668  -80.2246  0.2573E-09
2012   1   1  12  36.9168  -80.2246  0.8994E-10
2012   1   1  12  36.9668  -80.2246  0.5317E-09
2012   1   1  12  37.0168  -80.2246  0.1228E-08
2012   1   1  12  37.0668  -80.2246  0.2977E-08
2012   1   1  12  37.1168  -80.2246  0.3299E-08
2012   1   1  12  37.1668  -80.2246  0.3721E-08
2012   1   1  12  37.2168  -80.2246  0.3366E-08
2012   1   1  12  37.2668  -80.2246  0.4933E-08
2012   1   1  12  37.3168  -80.2246  0.3796E-08
2012   1   1  12  37.3668  -80.2246  0.3228E-08
2012   1   1  12  37.4168  -80.2246  0.3266E-08
2012   1   1  12  37.4668  -80.2246  0.2945E-08
2012   1   1  12  37.5168  -80.2246  0.2654E-08
2012   1   1  12  37.5668  -80.2246  0.2260E-08
2012   1   1  12  37.6168  -80.2246  0.2307E-08
2012   1   1  12  37.6668  -80.2246  0.8978E-09
2012   1   1  12  37.7168  -80.2246  0.3029E-09
2012   1   1  12  36.8668  -80.1746  0.1716E-09
2012   1   1  12  36.9168  -80.1746  0.1716E-09
2012   1   1  12  36.9668  -80.1746  0.1800E-09
2012   1   1  12  37.0168  -80.1746  0.7940E-09
2012   1   1  12  37.0668  -80.1746  0.1405E-08
2012   1   1  12  37.1168  -80.1746  0.3849E-08
2012   1   1  12  37.1668  -80.1746  0.3264E-08
2012   1   1  12  37.2168  -80.1746  0.3311E-08
2012   1   1  12  37.2668  -80.1746  0.3086E-08
2012   1   1  12  37.3168  -80.1746  0.4476E-08
2012   1   1  12  37.3668  -80.1746  0.3364E-08
2012   1   1  12  37.4168  -80.1746  0.2992E-08
2012   1   1  12  37.4668  -80.1746  0.3035E-08
2012   1   1  12  37.5168  -80.1746  0.3274E-08
2012   1   1  12  37.5668  -80.1746  0.2522E-08
2012   1   1  12  37.6168  -80.1746  0.1475E-08
2012   1   1  12  37.6668  -80.1746  0.5882E-09
2012   1   1  12  37.7168  -80.1746  0.4406E-09
2012   1   1  12  37.7668  -80.1746  0.7576E-10
2012   1   1  12  36.9168  -80.1246  0.2575E-09
2012   1   1  12  36.9668  -80.1246  0.8586E-10
2012   1   1  12  37.0168  -80.1246  0.4420E-09
2012   1   1  12  37.0668  -80.1246  0.9705E-09
2012   1   1  12  37.1168  -80.1246  0.2451E-08
2012   1   1  12  37.1668  -80.1246  0.2783E-08
2012   1   1  12  37.2168  -80.1246  0.3185E-08
2012   1   1  12  37.2668  -80.1246  0.3004E-08
2012   1   1  12  37.3168  -80.1246  0.3830E-08
2012   1   1  12  37.3668  -80.1246  0.3249E-08
2012   1   1  12  37.4168  -80.1246  0.2613E-08
2012   1   1  12  37.4668  -80.1246  0.3349E-08
2012   1   1  12  37.5168  -80.1246  0.2582E-08
2012   1   1  12  37.5668  -80.1246  0.2633E-08
2012   1   1  12  37.6168  -80.1246  0.2001E-08
2012   1   1  12  37.6668  -80.1246  0.9563E-09
2012   1   1  12  37.7168  -80.1246  0.5129E-09
2012   1   1  12  37.7668  -80.1246  0.1447E-09
2012   1   1  12  37.8168  -80.1246  0.7237E-10
2012   1   1  12  36.9168  -80.0746  0.8584E-10
2012   1   1  12  36.9668  -80.0746  0.2576E-09
2012   1   1  12  37.0168  -80.0746  0.1801E-09
2012   1   1  12  37.0668  -80.0746  0.7044E-09
2012   1   1  12  37.1168  -80.0746  0.8810E-09
2012   1   1  12  37.1668  -80.0746  0.3591E-08
2012   1   1  12  37.2168  -80.0746  0.2481E-08
2012   1   1  12  37.2668  -80.0746  0.3328E-08
2012   1   1  12  37.3168  -80.0746  0.2879E-08
2012   1   1  12  37.3668  -80.0746  0.3611E-08
2012   1   1  12  37.4168  -80.0746  0.2768E-08
2012   1   1  12  37.4668  -80.0746  0.1950E-08
2012   1   1  12  37.5168  -80.0746  0.2919E-08
2012   1   1  12  37.5668  -80.0746  0.2439E-08
2012   1   1  12  37.6168  -80.0746  0.2076E-08
2012   1   1  12  37.6668  -80.0746  0.1280E-08
2012   1   1  12  37.7168  -80.0746  0.5887E-09
2012   1   1  12  37.7668  -80.0746  0.1481E-09
2012   1   1  12  36.9668  -80.0246  0.8588E-10
2012   1   1  12  37.0168  -80.0246  0.1719E-09
2012   1   1  12  37.0668  -80.0246  0.1802E-09
2012   1   1  12  37.1168  -80.0246  0.1057E-08
2012   1   1  12  37.1668  -80.0246  0.9718E-09
2012   1   1  12  37.2168  -80.0246  0.4020E-08
2012   1   1  12  37.2668  -80.0246  0.2642E-08
2012   1   1  12  37.3168  -80.0246  0.2519E-08
2012   1   1  12  37.3668  -80.0246  0.2840E-08
2012   1   1  12  37.4168  -80.0246  0.2797E-08
2012   1   1  12  37.4668  -80.0246  0.2611E-08
2012   1   1  12  37.5168  -80.0246  0.2100E-08
2012   1   1  12  37.5668  -80.0246  0.2307E-08
2012   1   1  12  37.6168  -80.0246  0.1802E-08
2012   1   1  12  37.6668  -80.0246  0.1338E-08
2012   1   1  12  37.7168  -80.0246  0.6747E-09
2012   1   1  12  37.7668  -80.0246  0.2239E-09
2012   1   1  12  36.9668  -79.9746  0.8590E-10
2012   1   1  12  37.0168  -79.9746  0.1719E-09
2012   1   1  12  37.0668  -79.9746  0.1761E-09
2012   1   1  12  37.1168  -79.9746  0.2664E-09
2012   1   1  12  37.1668  -79.9746  0.1230E-08
2012   1   1  12  37.2168  -79.9746  0.1633E-08
2012   1   1  12  37.2668  -79.9746  0.3083E-08
2012   1   1  12  37.3168  -79.9746  0.2962E-08
2012   1   1  12  37.3668  -79.9746  0.2457E-08
2012   1   1  12  37.4168  -79.9746  0.2660E-08
2012   1   1  12  37.4668  -79.9746  0.2279E-08
2012   1   1  12  37.5168  -79.9746  0.1773E-08
2012   1   1  12  37.5668  -79.9746  0.1945E-08
2012   1   1  12  37.6168  -79.9746  0.1987E-08
2012   1   1  12  37.6668  -79.9746  0.1177E-08
2012   1   1  12  37.7168  -79.9746  0.9053E-09
2012   1   1  12  37.7668  -79.9746  0.4478E-09
2012   1   1  12  37.0168  -79.9246  0.1719E-09
2012   1   1  12  37.0668  -79.9246  0.8601E-10
2012   1   1  12  37.1168  -79.9246  0.1762E-09
2012   1   1  12  37.1668  -79.9246  0.6233E-09
2012   1   1  12  37.2168  -79.9246  0.1130E-08
2012   1   1  12  37.2668  -79.9246  0.2164E-08
2012   1   1  12  37.3168  -79.9246  0.3345E-08
2012   1   1  12  37.3668  -79.9246  0.2128E-08
2012   1   1  12  37.4168  -79.9246  0.2015E-08
2012   1   1  12  37.4668  -79.9246  0.2539E-08
2012   1   1  12  37.5168  -79.9246  0.2064E-08
2012   1   1  12  37.5668  -79.9246  0.1737E-08
2012   1   1  12  37.6168  -79.9246  0.1702E-08
2012   1   1  12  37.6668  -79.9246  0.1476E-08
2012   1   1  12  37.7168  -79.9246  0.8055E-09
2012   1   1  12  37.7668  -79.9246  0.3720E-09
2012   1   1  12  37.0668  -79.8746  0.1720E-09
2012   1   1  12  37.1168  -79.8746  0.2623E-09
2012   1   1  12  37.1668  -79.8746  0.1804E-09
2012   1   1  12  37.2168  -79.8746  0.8713E-09
2012   1   1  12  37.2668  -79.8746  0.1029E-08
2012   1   1  12  37.3168  -79.8746  0.1937E-08
2012   1   1  12  37.3668  -79.8746  0.3795E-08
2012   1   1  12  37.4168  -79.8746  0.2119E-08
2012   1   1  12  37.4668  -79.8746  0.2153E-08
2012   1   1  12  37.5168  -79.8746  0.1588E-08
2012   1   1  12  37.5668  -79.8746  0.1888E-08
2012   1   1  12  37.6168  -79.8746  0.1554E-08
2012   1   1  12  37.6668  -79.8746  0.1926E-08
2012   1   1  12  37.7168  -79.8746  0.7401E-09
2012   1   1  12  37.7668  -79.8746  0.2170E-09
2012   1   1  12  37.1168  -79.8246  0.8603E-10
2012   1   1  12  37.1668  -79.8246  0.2625E-09
2012   1   1  12  37.2168  -79.8246  0.2626E-09
2012   1   1  12  37.2668  -79.8246  0.9889E-09
2012   1   1  12  37.3168  -79.8246  0.1261E-08
2012   1   1  12  37.3668  -79.8246  0.2136E-08
2012   1   1  12  37.4168  -79.8246  0.3252E-08
2012   1   1  12  37.4668  -79.8246  0.2052E-08
2012   1   1  12  37.5168  -79.8246  0.1725E-08
2012   1   1  12  37.5668  -79.8246  0.1175E-08
2012   1   1  12  37.6168  -79.8246  0.1244E-08
2012   1   1  12  37.6668  -79.8246  0.8910E-09
2012   1   1  12  37.7168  -79.8246  0.1194E-08
2012   1   1  12  37.7668  -79.8246  0.7440E-09
2012   1   1  12  37.8168  -79.8246  0.1447E-09
2012   1   1  12  37.1168  -79.7746  0.1721E-09
2012   1   1  12  37.1668  -79.7746  0.9023E-10
2012   1   1  12  37.2168  -79.7746  0.3529E-09
2012   1   1  12  37.2668  -79.7746  0.2484E-09
2012   1   1  12  37.3168  -79.7746  0.1260E-08
2012   1   1  12  37.3668  -79.7746  0.1355E-08
2012   1   1  12  37.4168  -79.7746  0.2147E-08
2012   1   1  12  37.4668  -79.7746  0.3152E-08
2012   1   1  12  37.5168  -79.7746  0.1854E-08
2012   1   1  12  37.5668  -79.7746  0.1635E-08
2012   1   1  12  37.6168  -79.7746  0.1179E-08
2012   1   1  12  37.6668  -79.7746  0.7292E-09
2012   1   1  12  37.7168  -79.7746  0.6644E-09
2012   1   1  12  37.7668  -79.7746  0.5924E-09
2012   1   1  12  37.8168  -79.7746  0.2172E-09
2012   1   1  12  37.1668  -79.7246  0.8610E-10
2012   1   1  12  37.2168  -79.7246  0.9028E-10
2012   1   1  12  37.2668  -79.7246  0.4250E-09
2012   1   1  12  37.3168  -79.7246  0.6363E-09
2012   1   1  12  37.3668  -79.7246  0.1014E-08
2012   1   1  12  37.4168  -79.7246  0.1273E-08
2012   1   1  12  37.4668  -79.7246  0.1630E-08
2012   1   1  12  37.5168  -79.7246  0.2963E-08
2012   1   1  12  37.5668  -79.7246  0.1542E-08
2012   1   1  12  37.6168  -79.7246  0.1121E-08
2012   1   1  12  37.6668  -79.7246  0.7293E-09
2012   1   1  12  37.7168  -79.7246  0.5783E-09
2012   1   1  12  37.7668  -79.7246  0.3720E-09
2012   1   1  12  37.8168  -79.7246  0.1447E-09
2012   1   1  12  37.1668  -79.6746  0.8613E-10
2012   1   1  12  37.2168  -79.6746  0.8615E-10
2012   1   1  12  37.2668  -79.6746  0.2710E-09
2012   1   1  12  37.3168  -79.6746  0.1582E-09
2012   1   1  12  37.3668  -79.6746  0.1036E-08
2012   1   1  12  37.4168  -79.6746  0.1356E-08
2012   1   1  12  37.4668  -79.6746  0.9606E-09
2012   1   1  12  37.5168  -79.6746  0.1916E-08
2012   1   1  12  37.5668  -79.6746  0.2223E-08
2012   1   1  12  37.6168  -79.6746  0.1189E-08
2012   1   1  12  37.6668  -79.6746  0.3715E-09
2012   1   1  12  37.7168  -79.6746  0.1446E-09
2012   1   1  12  37.7668  -79.6746  0.4409E-09
2012   1   1  12  37.8168  -79.6746  0.7240E-10
2012   1   1  12  37.2168  -79.6246  0.7181E-10
2012   1   1  12  37.2668  -79.6246  0.9035E-10
2012   1   1  12  37.3168  -79.6246  0.3239E-09
2012   1   1  12  37.3668  -79.6246  0.2193E-09
2012   1   1  12  37.4168  -79.6246  0.1143E-08
2012   1   1  12  37.4668  -79.6246  0.1044E-08
2012   1   1  12  37.5168  -79.6246  0.8926E-09
2012   1   1  12  37.5668  -79.6246  0.1467E-08
2012   1   1  12  37.6168  -79.6246  0.1114E-08
2012   1   1  12  37.6668  -79.6246  0.8152E-09
2012   1   1  12  37.7168  -79.6246  0.3717E-09
2012   1   1  12  37.7668  -79.6246  0.2170E-09
2012   1   1  12  37.8168  -79.6246  0.7237E-10
2012   1   1  12  37.2168  -79.5746  0.7183E-10
2012   1   1  12  37.2668  -79.5746  0.7185E-10
2012   1   1  12  37.3168  -79.5746  0.1657E-09
2012   1   1  12  37.3668  -79.5746  0.2193E-09
2012   1   1  12  37.4168  -79.5746  0.4458E-09
2012   1   1  12  37.4668  -79.5746  0.1026E-08
2012   1   1  12  37.5168  -79.5746  0.8891E-09
2012   1   1  12  37.5668  -79.5746  0.9620E-09
2012   1   1  12  37.6168  -79.5746  0.1248E-08
2012   1   1  12  37.6668  -79.5746  0.6605E-09
2012   1   1  12  37.7168  -79.5746  0.6609E-09
2012   1   1  12  37.7668  -79.5746  0.7232E-10
2012   1   1  12  37.8168  -79.5746  0.1448E-09
2012   1   1  12  37.8668  -79.5746  0.7241E-10
2012   1   1  12  37.2668  -79.5246  0.7187E-10
2012   1   1  12  37.3168  -79.5246  0.1472E-09
2012   1   1  12  37.3668  -79.5246  0.1508E-09
2012   1   1  12  37.4168  -79.5246  0.1440E-09
2012   1   1  12  37.4668  -79.5246  0.8920E-09
2012   1   1  12  37.5168  -79.5246  0.9441E-09
2012   1   1  12  37.5668  -79.5246  0.5187E-09
2012   1   1  12  37.6168  -79.5246  0.8904E-09
2012   1   1  12  37.6668  -79.5246  0.8153E-09
2012   1   1  12  37.7168  -79.5246  0.3648E-09
2012   1   1  12  37.7668  -79.5246  0.1516E-09
2012   1   1  12  37.3168  -79.4746  0.7190E-10
2012   1   1  12  37.3668  -79.4746  0.1507E-09
2012   1   1  12  37.4168  -79.4746  0.2194E-09
2012   1   1  12  37.4668  -79.4746  0.1475E-09
2012   1   1  12  37.5168  -79.4746  0.5905E-09
2012   1   1  12  37.5668  -79.4746  0.5840E-09
2012   1   1  12  37.6168  -79.4746  0.3712E-09
2012   1   1  12  37.6668  -79.4746  0.8050E-09
2012   1   1  12  37.7168  -79.4746  0.3718E-09
2012   1   1  12  37.7668  -79.4746  0.7576E-10
2012   1   1  12  37.3168  -79.4246  0.7192E-10
2012   1   1  12  37.3668  -79.4246  0.7540E-10
2012   1   1  12  37.4168  -79.4246  0.1509E-09
2012   1   1  12  37.4668  -79.4246  0.7203E-10
2012   1   1  12  37.5168  -79.4246  0.4429E-09
2012   1   1  12  37.5668  -79.4246  0.5840E-09
2012   1   1  12  37.6168  -79.4246  0.2888E-09
2012   1   1  12  37.6668  -79.4246  0.7222E-10
2012   1   1  12  37.7168  -79.4246  0.4371E-09
2012   1   1  12  37.3668  -79.3746  0.1439E-09
2012   1   1  12  37.4168  -79.3746  0.1509E-09
2012   1   1  12  37.4668  -79.3746  0.7547E-10
2012   1   1  12  37.5168  -79.3746  0.7212E-10
2012   1   1  12  37.5668  -79.3746  0.3710E-09
2012   1   1  12  37.6168  -79.3746  0.1478E-09
2012   1   1  12  37.6668  -79.3746  0.1445E-09
2012   1   1  12  37.7668  -79.3746  0.7233E-10
2012   1   1  12  37.4168  -79.3246  0.7198E-10
2012   1   1  12  37.4668  -79.3246  0.1509E-09
2012   1   1  12  37.5668  -79.3246  0.2199E-09
2012   1   1  12  37.6168  -79.3246  0.1444E-09
2012   1   1  12  37.4168  -79.2746  0.7201E-10
2012   1   1  12  37.4668  -79.2746  0.1475E-09
2012   1   1  12  37.5168  -79.2746  0.1510E-09
2012   1   1  12  37.5668  -79.2746  0.7560E-10
2012   1   1  12  37.6168  -79.2746  0.2200E-09
2012   1   1  12  37.6668  -79.2746  0.2167E-09
2012   1   1  12  37.4668  -79.2246  0.7549E-10
2012   1   1  12  37.5168  -79.2246  0.7552E-10
2012   1   1  12  37.5668  -79.2246  0.7555E-10
2012   1   1  12  37.6668  -79.2246  0.1445E-09
2012   1   1  12  37.5168  -79.1746  0.7554E-10
