"","Metric1","Metric2","Metric3"
"1",NA,NA,NA
"2",0.0119877877942823,0.00146094720555055,0.00373907080460719
"3",0.0249185688780603,0.00119442459678586,0.0101095212856736
"4",0.0626930057076735,0.003803099432245,0.0161934836682247
"5",0.043035622447288,0.00535400843408688,0.0123857051908622
"6",0.00812940970499345,0.00214909382847403,0.0126537565113802
"7",0.02592231814348,0.00283935712128617,0.0158922285834637
"8",0.0509316647825961,0.00255941197157104,0.0201811887449889
"9",0.0551366916514255,0.000920741052403828,0.0109759844334333
"10",0.0246188727661015,0.00151250254256572,0.0037646681065222
"11",0.00635352337374921,0.00282384200235467,0.025709366765544
"12",0.00759689112329257,0.00101462184667686,0.0139018787476275
"13",0.0684687208850936,0.0010128404608673,0.022710600136414
"14",0.031127776242801,0.00259223530376505,0.0231414159725758
"15",0.0203302209421458,0.000967274345532717,0.00234957744443496
"16",0.0122036022106139,0.00383301540500233,0.00384669543123999
"17",0.0224106495483164,0.00117494633070714,0.0131408604327327
"18",0.0248194564279725,0.00116240024792162,0.00304230036247346
"19",0.116620403766238,0.00417696276178906,0.0186665418913417
"20",0.0340083913908039,0.00112587524087777,0.00546101790989706
"21",0.0488789573012918,0.00162937681336758,0.0302435718356071
"22",0.0610963404178685,0.00223124919074797,0.00819646745517795
"23",0.0174769157663465,0.00325849401524583,0.0132606117250637
"24",0.0289309613036269,0.00124800127749462,0.0182122317757923
"25",0.0645583575563413,0.00452575595046121,0.011533553146873
"26",0.0726420268607336,0.00207867391716566,0.00438490293991983
"27",0.0542006378579376,0.00289758051871792,0.00933035868599107
"28",0.0281452369652597,0.00220232016381786,0.0410820542015565
"29",0.0382326824106074,0.00276429280993289,0.0140482955438877
"30",0.0473221757612373,0.00164307376113266,0.00925254137206904
"31",0.0410710659543679,0.00310674656147971,0.00902049089404947
"32",0.00650699427780138,0.00183818983324839,0.0108075666798572
"33",0.0857139774799079,0.00238972107465849,0.00657866534171498
"34",0.0255810375655178,0.00127694106227287,0.0283540752947237
"35",0.0202331611760886,0.0013018059512652,0.00248846036003188
"36",0.0298645472070864,0.0020515206327851,0.0143071373526032
"37",0.0308716621800667,0.00260465843212178,0.00710633797206367
"38",0.00556035867258974,0.000869722209433626,0.00176810775937364
"39",0.0172527175473197,0.00877472873935435,0.0154144921679407
"40",0.0582980938153561,0.00404139748357886,0.0260748432568349
"41",0.0728368300672763,0.00653865234300548,0.0209858045110811
"42",0.0285610984551223,0.00313606384297967,0.00706833075269862
"43",0.0178782964999782,0.00212215637563562,0.0152242670284364
"44",0.0523611262077113,0.00265142398674706,0.00620181656257828
"45",0.0137130321638501,0.00292215263807378,0.00952668060441153
"46",0.0331044877857846,0.00114261750200794,0.00728825054622379
"47",0.064854304974587,0.00601127720068694,0.0240618467847046
"48",0.0483811129223277,0.00122706157988882,0.0216424295280341
"49",0.00895061990219981,0.00476469519107177,0.0266638974430601
"50",0.0870153059993097,0.00109353968795465,0.00799799854926739
"51",0.0971854366857727,0.00251978502191662,0.0119911319220493
"52",0.00913330605936309,0.00734352595700246,0.0125836994831705
"53",0.0270098287329296,0.0013596554160467,0.0203636824885926
"54",0.0160049211311567,0.000973189246717995,0.0126731792779699
"55",0.0103706709564537,0.0027170355616766,0.0100779137993024
"56",0.0720968547095233,0.00286014977424265,0.00685037642444681
"57",0.0880506597490248,0.00523942801698763,0.0087026540635111
"58",0.0326897366226545,0.00353650172379547,0.00325134188285499
"59",0.0447479591909825,0.000809894154372379,0.0129162040721807
"60",0.0213419243077209,0.00234728239935412,0.019045311776387
"61",0.0359239932615689,0.00275879036845676,0.00429872802898249
"62",0.0170658644257386,0.00317629598937615,0.00315144625890129
"63",0.016165090125355,0.00283017689987024,0.0229660938009533
"64",0.0761158156418281,0.00210161377032257,0.0157495040426875
"65",0.109278040176342,0.0023685375206661,0.0246171838825967
"66",0.0250346704263236,0.0031281393331526,0.00316872032188305
"67",0.0312846072025361,0.00190576629377351,0.0230558899611225
"68",0.0122623220887762,0.000904010872263004,0.0175823605109037
"69",0.0383433833399581,0.00107901036775335,0.00810139253100381
"70",0.0740789500355384,0.00235867500583039,0.0151929500564391
"71",0.00841164574566054,0.00306691943821559,0.00249271221279368
"72",0.0086293012457473,0.000973499466281965,0.0112488044378492
"73",0.0157184483165303,0.0011329168077994,0.00907143551510878
"74",0.0201602994232058,0.00256401393380914,0.00237064185979443
"75",0.0149203897556584,0.00119547590414747,0.0133218502224437
"76",0.0302736410359593,0.00216332703374702,0.00952925382878504
"77",0.0113272284728796,0.00121893883317259,0.0168883329524838
"78",0.0708447855798894,0.00394306859108362,0.012075344764156
"79",0.0259520745546698,0.00498781207905912,0.00586478042588548
"80",0.00881623699085987,0.00914470801211126,0.0133875933509013
"81",0.0370837761710376,0.00102734211804916,0.0114721412089293
"82",0.0421942927992575,0.00231904611341526,0.0117365246757322
"83",0.0714916561646164,0.00159565624211007,0.0208226518207576
"84",0.0143686267168026,0.00195371524743369,0.0246705703721674
"85",0.051568262674049,0.00226813480598991,0.00731396247158315
"86",0.0227042549730781,0.00553556478175707,0.0105711382693337
"87",0.077473659860927,0.00453372541585706,0.0256882720995463
"88",0.0322533844456323,0.00313827291696811,0.0244243336803883
"89",0.0248732345840854,0.00196836552578111,0.0194855152070422
"90",0.0250203105874246,0.00308558295336954,0.00903260728264535
"91",0.0295129486408037,0.00120024910605781,0.0020753942439724
"92",0.0369096163124952,0.00397506774570362,0.00863136587838528
"93",0.0549175735975824,0.00353906868278153,0.00999518725980012
"94",0.0218192893062162,0.0019424320265937,0.0101469635154794
"95",0.0240362674839382,0.006232653753831,0.00542915186054757
"96",0.0399529587453156,0.0051830974871032,0.0169424703038274
"97",0.0564920201609752,0.000983472749242972,0.00530473991329132
"98",0.0334209686211474,0.00292691530633799,0.0215975098955766
"99",0.0295176109109871,0.0013224202017253,0.010006391987134
"100",0.0436530733837357,0.00647162061537246,0.0111587932665105
"101",0.0411956259936309,0.00717625948469838,0.0419997788767471
"102",0.0682561542260284,0.00674932195334657,0.0143441824844493
"103",0.103262160863722,0.0037567769823781,0.0191755029876469
"104",0.014471108770686,0.00567857037661611,0.0145686177964025
"105",0.03686702695733,0.00365840988356298,0.0106044662915845
"106",0.0485592144189525,0.00306791777489581,0.00771770385936904
"107",0.0378429346212162,0.0070855284163219,0.0294678558779314
"108",0.0217562400949305,0.00108111813224102,0.0188501249349451
"109",0.0763710175833069,0.00146029678701709,0.0114042823649929
"110",0.0119291183827742,0.0046337787328262,0.00565442022509133
"111",0.0527299962920322,0.00480458072596291,0.0183699508521995
"112",0.0715354555453905,0.00277270925711364,0.017096907102231
"113",0.086349041582785,0.00438078361075862,0.0136404583394576
"114",0.0255424852475163,0.00421838074617764,0.00636384211829376
"115",0.0972679525845577,0.00117741047844008,0.00556010754121625
"116",0.0940372388055531,0.00373715329736746,0.00235166805252933
"117",0.0250867097238802,0.00324639141520836,0.0114624056079605
"118",0.0496138189739869,0.00193748416718996,0.0210032052676483
"119",0.0119063641831651,0.00292300706498134,0.0142712826822613
"120",0.0784453652968492,0.00485394147756391,0.0220153031953423
"121",0.0320719108490708,0.0013293881062226,0.0124733979943337
"122",0.0381887495121109,0.00235964890302613,0.00533683787535896
"123",0.0191298566316721,0.00117164956838864,0.00444681966950404
"124",0.0144279267421851,0.00188739409032477,0.0064273140061551
"125",0.0114958552571653,0.000913509795500913,0.00478335571114994
"126",0.0518190745335729,0.00163361564704872,0.010837130045413
"127",0.0110918296295584,0.00272260566729868,0.0226758306181861
"128",0.0385392669408366,0.00166882228239954,0.0162410305163698
"129",0.0340165325365639,0.00144111797305035,0.0273155963261853
"130",0.0741431735741979,0.0016258163955031,0.0155527667766876
"131",0.0528212712489477,0.00174200751309661,0.00703548165396967
"132",0.0675919063973908,0.00391419398707314,0.0196119695746148
"133",0.0335026863217519,0.00448222650505083,0.00260806604383132
"134",0.0763832748327212,0.0036902821458426,0.0249163563698456
"135",0.0568172187615152,0.00450547402411432,0.0171809634418664
"136",0.134572734681623,0.0017426081072149,0.0168460828347856
"137",0.0665442795642537,0.0011070141019834,0.0102334843074015
"138",0.0867310634564604,0.00601037793011436,0.00995551387396709
"139",0.0109321833958507,0.00384587324966095,0.0127091122501668
"140",0.0408447094615049,0.00264673798781012,0.00981651687275889
"141",0.0326946580346879,0.00141558068162325,0.0145085935173841
"142",0.0300599490836007,0.00281005611690756,0.0050666530453661
"143",0.0821203802034625,0.00226396479198102,0.0232959494095831
"144",0.0512088677627674,0.00200953435625794,0.00687578737438193
"145",0.0104219074546518,0.00231230521846921,0.0101243376088699
"146",0.043848372045922,0.0023970052402531,0.0179198715823737
"147",0.0305620020285062,0.00323874295014275,0.00834188524309857
"148",0.064976968013316,0.00430940890593631,0.0176111697199412
"149",0.0119845332595037,0.00232496357949412,0.0201387149498311
"150",0.0277063118115317,0.000925755632867297,0.0194509321215653
"151",0.115312541319539,0.00268649484859832,0.023314318764543
"152",0.0647979101828891,0.00650478322484037,0.0150100908512695
"153",0.0398605581239411,0.00088722719136952,0.0129602048613138
"154",0.124086524181894,0.00218429183772236,0.0120883083462578
"155",0.0205508954957473,0.00500051700544393,0.0150844367424432
"156",0.0769972601132238,0.00321466025932195,0.0229035544915585
"157",0.0235549150649619,0.00114638361415859,0.0130037610550231
"158",0.061805806083768,0.00207501606515418,0.023633371401195
"159",0.0575607318646482,0.00386682305096093,0.0143229927490524
"160",0.0345636615718075,0.00390098216403073,0.0072499786177307
"161",0.0329728770937369,0.00730524133360637,0.00272689297640565
"162",0.0119268139948787,0.00207079998081004,0.0130070675781141
"163",0.029568436082959,0.00240437920643663,0.0126402397726028
"164",0.0688075289402001,0.0019599812008231,0.0175097684460431
"165",0.0899253054910289,0.00304101282702827,0.00197097880112373
"166",0.0491386001133456,0.00291486591661205,0.00452534508629427
"167",0.026867703701767,0.00685252400421299,0.0145832821304018
"168",0.071401282252581,0.00532988528140826,0.0246802390367864
"169",0.0387736943361261,0.0013602423742531,0.0145791513610648
"170",0.0159509499896831,0.00099637495203943,0.0120333071243529
"171",0.0103630575562798,0.00266619263072947,0.014803986583857
"172",0.0189489777518353,0.0052092879991308,0.0181258955436178
"173",0.0217738623824482,0.00169142471756274,0.0110839762640804
"174",0.0412481840638937,0.00248027671646998,0.0269777911404165
"175",0.123028762087162,0.00358076768783553,0.0172839179664349
"176",0.050850271068071,0.00799571655522696,0.02294326654619
"177",0.0616161613035187,0.00560020184006512,0.0141603070014692
"178",0.0498009057496089,0.0073212306091308,0.0181704812099821
"179",0.0667475265924635,0.00213792877268484,0.00856640741324357
"180",0.0140406092496823,0.00841572609109355,0.0213726210518186
"181",0.0298551109908831,0.000949687881329614,0.03102972196353
"182",0.0413977194691942,0.00469084668178506,0.0196458972530813
"183",0.0831258018857926,0.00140961139913358,0.00258342318976334
"184",0.0119047612088667,0.00363475948661888,0.0278627010340097
"185",0.0600153288737909,0.00834545279335769,0.0194083909920243
"186",0.00865027637348515,0.00589237790195084,0.00647041426838032
"187",0.0164949307763858,0.00132344718737552,0.0230758544854624
"188",0.010635030022276,0.00704154926654465,0.00767127225599666
"189",0.0104120249288239,0.00704003138537564,0.0182253219436136
"190",0.11343794943881,0.0114943272571434,0.013566196603561
"191",0.0637706330537444,0.00168884756283176,0.0068767009156465
"192",0.0454929408902478,0.00298144936676064,0.0138769967056758
"193",0.0593072878060435,0.00347187296053804,0.0110309837850063
"194",0.0727786385777001,0.010619318920783,0.0131351861896931
"195",0.0131739841411611,0.0106001251292785,0.0134121786566459
"196",0.0716832379787564,0.00401869760012111,0.00906677705566653
"197",0.0593872814965908,0.00106425366639335,0.0155732765458067
"198",0.0683604131542448,0.000993099373615192,0.0109194300380468
"199",0.0610416704976771,0.00429198175881194,0.0207080184154979
"200",0.0116692458287683,0.00109871848383855,0.02865646415625
"201",0.0101049003735705,0.00111684720405198,0.0188547670360096
"202",0.0721047084127706,0.0011368361168883,0.00230014678846172
"203",0.0686615009423628,0.0038374981860903,0.012239842123231
"204",0.0617312531878009,0.00114120607756087,0.00323611898337436
"205",0.0378650109725758,0.00398479848506989,0.0181921798163001
"206",0.00822125285697665,0.00260852358667138,0.0146717485281528
"207",0.0547979841128772,0.000833098703279745,0.0024462684211682
"208",0.0112779923367813,0.00347128853985229,0.0161338226660296
"209",0.027777956699595,0.00142513554129118,0.010560731254622
"210",0.093099034991772,0.00295793965111914,0.0106517814966346
"211",0.0611564462584975,0.00513136244747459,0.0201928472602869
"212",0.0585709503253256,0.00457252801457711,0.0105559248570166
"213",0.114649664855402,0.00493971011765804,0.0148829490576116
"214",0.0412965045562143,0.00401700606917884,0.00798162816673727
"215",0.113641047389235,0.0019741777568615,0.011064594968391
"216",0.0626227979174357,0.00819396602171021,0.0167389569770912
"217",0.0342766353379527,0.00586733272155734,0.0119743155412231
"218",0.0559234602594485,0.00195172944346172,0.0173935605353141
"219",0.0478971925194091,0.000901120598818099,0.00784559259245156
"220",0.101833669830114,0.0014143827794433,0.00776223691458069
"221",0.057997666315722,0.00895711911880559,0.0361100053728121
"222",0.0124804013610626,0.00528858302169915,0.00215126338824313
"223",0.0678398046303705,0.0040297864275118,0.00662765653321894
"224",0.105771248121823,0.00101873734965415,0.00773719218782064
"225",0.124489536029388,0.00395125098265911,0.0119594040822844
"226",0.0257295857528987,0.00937616394136753,0.019396566085767
"227",0.0298197736756651,0.00586803473088469,0.00806482472775132
"228",0.0598181046231933,0.00147308343246204,0.0271688321920082
"229",0.00660664882913953,0.0033287439719425,0.00982942710719338
"230",0.0197492248756529,0.00397235581128097,0.0153017260926127
"231",0.0716536043069262,0.00077942864200683,0.0131182874077569
"232",0.106668069236817,0.00381444108506591,0.0176581269897884
"233",0.0623876984232727,0.00507703051313646,0.0184950511838131
"234",0.0900066841998888,0.00676783861023076,0.00213916078869878
"235",0.0853802346429082,0.0102607487320181,0.00684067805058331
"236",0.016100788832473,0.0100504403859196,0.00772316809860229
"237",0.00908348039002938,0.00512666069568774,0.0158123615561686
"238",0.03763813383788,0.00312115710780853,0.0239219928671379
"239",0.0652737986904225,0.00562503512226374,0.0195617242522038
"240",0.0178603724309681,0.00188139823937421,0.0252262224203248
"241",0.122004075683351,0.00546908230992694,0.0240207383223495
"242",0.00670482878906846,0.0044029884925945,0.0145448678805948
"243",0.00619332809705766,0.00279631000117138,0.00245049818759133
"244",0.0535461600186964,0.00214744386764295,0.020181250429898
"245",0.0814544644980543,0.00334185070749206,0.0116407891239126
"246",0.0085434373233021,0.00286053361321672,0.0183140224712099
"247",0.0336541434438731,0.00399846679111658,0.00982901047227148
"248",0.106137227549381,0.00792321973918123,0.00843186593735904
"249",0.0345102062042368,0.0017251927735864,0.0119432371223825
"250",0.0159828462263143,0.00265558990272534,0.0149297796282126
"251",0.104934135389533,0.0022741050000953,0.0144570732213112
"252",0.0415203475851748,0.00261939622239716,0.00975722987503971
"253",0.0233464620490311,0.00303385683941312,0.0142740360578534
"254",0.0209198356032441,0.00920145979757604,0.0217553478219928
"255",0.0212836451897197,0.00627856807970537,0.00848231358773956
"256",0.0136171845803758,0.00206776474733958,0.0126425271538914
"257",0.0478073565177196,0.00220410017073936,0.0121304274754023
"258",0.0400566142359748,0.00440545465964671,0.0143937598143345
"259",0.0309512745436813,0.00515029777274517,0.0289186804106411
"260",0.11061533475356,0.00427634441828224,0.0116256489218929
"261",0.0063647044382604,0.00392660422430313,0.0107766171512468
"262",0.0178155089517551,0.00111785599163477,0.0137708073341645
"263",0.0360409420516796,0.00203576122544433,0.0152383552971013
"264",0.0501233560163298,0.00546226601902676,0.0191598881983263
"265",0.0505614099099825,0.00073595217223237,0.0301904503295465
"266",0.0236629750719068,0.00093839406186011,0.0132046265050171
"267",0.0457856333131234,0.00289020668740133,0.0105490826258386
"268",0.0885191785065915,0.00766034810648169,0.0159960075761793
"269",0.0169868538605861,0.00297430872494838,0.0283976794019576
"270",0.0406546153715851,0.00138589220113318,0.00751772714088112
"271",0.0128011417965772,0.00176522399213447,0.00645165110739358
"272",0.0452168760171696,0.0015205627852855,0.0211627398318487
"273",0.00969457118582093,0.00423009191396522,0.0155689840678875
"274",0.0627275446660578,0.00333852153848929,0.0054105130310058
"275",0.107318753900872,0.00576178970352208,0.0148154941886257
"276",0.0208656128362655,0.00465817727355429,0.0174676209187546
"277",0.0550432374404662,0.00163222852753137,0.0201409594737425
"278",0.0515821058195084,0.00218283703285482,0.0137438878121874
"279",0.0292354327603637,0.00309971510562579,0.0105074669757286
"280",0.0615251236858577,0.00118867417300588,0.0183322106967718
"281",0.052761234301352,0.00194093917669989,0.0245583221418083
"282",0.0410328226806147,0.00376333643776058,0.014455032620918
"283",0.00873305880978597,0.00566961367400294,0.00886019683793281
"284",0.0118713302957294,0.00265210924224111,0.0284364455419512
"285",0.04189075879068,0.000999272070348435,0.0133458264489205
"286",0.00896329137685435,0.00360829724375471,0.00622954730670267
"287",0.0350441617181595,0.00880450605491979,0.0173751549472991
"288",0.0130756326621228,0.00279241245996526,0.0108889437568447
"289",0.0112324547756453,0.00101177411306959,0.0121460586050658
"290",0.0848318398194687,0.00111399481981842,0.00285401033636528
"291",0.01352032953532,0.00654677259662087,0.0125685990689628
"292",0.00976746007870473,0.00151763439969925,0.03090648560173
"293",0.0753209861249047,0.00320413729953278,0.0239158067799277
"294",0.0374264420975878,0.00206880569522423,0.00626334172545888
"295",0.110995832750413,0.00183811044632783,0.00946359425603818
"296",0.023705258694973,0.00541108952112413,0.00286704924869004
"297",0.0278068964865748,0.00101558156601414,0.00946914985582671
"298",0.033401626577585,0.00280493487974369,0.022207227724803
"299",0.0135240349514771,0.00308926811420837,0.020992222138717
"300",0.0231041926891677,0.00118096805058807,0.0391093935179865
"301",0.0271496887103063,0.00193979245220179,0.0147869631879052
"302",0.0528643651499762,0.00575851175322543,0.0132737348496682
"303",0.0927252329120865,0.00263036628480942,0.018664472220885
"304",0.101528472062297,0.00245358094873383,0.0104456840340502
"305",0.059339113109514,0.00283921805857439,0.00229039293091248
"306",0.0461213184134371,0.00163687182154506,0.013253535798345
"307",0.112029355745275,0.00243420144296688,0.0165148662732709
"308",0.0443831292777517,0.00928929138952688,0.0193042138094695
"309",0.0471862551800627,0.00538347205164656,0.00476376820684582
"310",0.059340444818615,0.00432048174044081,0.0149900803418493
"311",0.0466795880408791,0.00602965992329257,0.00834083214682993
"312",0.0327201178077946,0.00675663010087595,0.00885888375416812
"313",0.0571150151816584,0.00107747074712635,0.0125781837029371
"314",0.00939016366783275,0.00471777466906806,0.00473298546966328
"315",0.0378938627046537,0.00446823861002025,0.0295504383068019
"316",0.0178620079983819,0.00150739145347312,0.0378306280861556
"317",0.0290593570840527,0.00093474668512774,0.0281629062563092
"318",0.0683793807133894,0.0015564185667355,0.0113084741726127
"319",0.0371466434351969,0.0054827830723584,0.0127361906776882
"320",0.0196962281434284,0.00344797324351599,0.0053471098078661
"321",0.0111937652423563,0.00638608477836523,0.0115745363523328
"322",0.0174106718700706,0.00428287197830873,0.0255451305057805
"323",0.0184861192660578,0.0038688358625675,0.0210969492084262
"324",0.0348264463303024,0.00312507438465216,0.0113382661038405
"325",0.0162447564363088,0.00196823051017131,0.00716292605899755
"326",0.0208081543945164,0.0043593061509649,0.00977568763095672
"327",0.00786861515362333,0.00822787097501588,0.00505075324431385
"328",0.0141490566884109,0.00138397989871903,0.0274183835413497
"329",0.056811315087633,0.00155020945123505,0.00621799710742385
"330",0.0300937039783133,0.00468257430331758,0.00428386923692319
"331",0.0839278804436269,0.00144266482345855,0.0193514423949134
"332",0.044664135454242,0.00313066248305146,0.0165259469061768
"333",0.0496029613715256,0.00505981077820424,0.0230717380735641
"334",0.124464913550032,0.00677204218426263,0.0148690991280353
"335",0.0101231848895608,0.00414547410876668,0.0204431162516003
"336",0.026460883175253,0.000739352892499126,0.0127666550960334
"337",0.0102130304395688,0.00492146483865153,0.0152279973832674
"338",0.0415472593661764,0.00094044776354897,0.0106540857048162
"339",0.0192676081554498,0.00365580113197062,0.01302727091467
"340",0.0636743215798582,0.000983317352440657,0.0108756524961767
"341",0.0186189086185078,0.00415062209364713,0.0052424343627083
"342",0.0167063513346514,0.00288961935867777,0.00563580378577721
"343",0.0399161129829475,0.00114290980139235,0.0114317813618404
"344",0.0137362570498928,0.00115215688443071,0.0172569814918613
"345",0.0321324427191947,0.00466620184175151,0.026011237743071
"346",0.0219158555864777,0.00153618565738127,0.00857031976843404
"347",0.0232948968571077,0.00280549959844072,0.0122970477035714
"348",0.0112746582776386,0.00360353134443833,0.00341438602223634
"349",0.0225323731825504,0.00265883862958227,0.0285462232677255
"350",0.0342598295474428,0.0047955221686408,0.00884753450925565
"351",0.0125367746770234,0.000901699253518188,0.0148349279519576
"352",0.0342306007831758,0.0011259842633914,0.00949638336057943
"353",0.0062560693597579,0.0010232920017278,0.00572954773353496
"354",0.057047955889124,0.00340004885037186,0.017100407403549
"355",0.0393121473053308,0.00388501550477257,0.0123917469184632
"356",0.0140093071565506,0.00307188604102452,0.0104914713182031
"357",0.0367096758298581,0.000923308567165621,0.00363964630789166
"358",0.0116176776035618,0.00451647552467877,0.00489385897702629
"359",0.0263608566611757,0.00352092763656155,0.00419585336720358
"360",0.0535385127559781,0.0020419548697693,0.0220175862265721
"361",0.0322127371316666,0.00278199132668,0.00545071318164787
"362",0.054200223260332,0.00275065719747509,0.0139643680311726
"363",0.0214755468521402,0.000912976309671299,0.0136326262640387
"364",0.0244310124967043,0.00264735372252263,0.0106941395175681
"365",0.009491167115245,0.00126831368201863,0.014160522266717
"366",0.0214053062094902,0.00173491636761416,0.021962275738896
