"","Metric1","Metric2","Metric3"
"1",NA,NA,NA
"2",0.034012138118319,0.00114977999992912,0.0243186579439077
"3",0.023999600150756,0.00267577039641364,0.0097701104815948
"4",0.0498697954315955,0.00204264533678607,0.0179811732304429
"5",0.0235496993837039,0.00149375552698898,0.0165125028200618
"6",0.0820612453990889,0.00229930358714759,0.00952360158725762
"7",0.0156183827390327,0.00245939860290843,0.00170796121450921
"8",0.060359442115733,0.00151106606501016,0.025005498838044
"9",0.00257201545257703,0.00375915754742618,0.0169673828712066
"10",0.0412870609187182,0.000813408965057378,0.00341620596678109
"11",0.00372749397289946,0.00290908120058887,0.0224732591357807
"12",0.014110548227442,0.000861838225689049,0.00794543488117853
"13",0.0243659424652598,0.000441046020974857,0.0228932251712933
"14",0.0288374617287782,0.00246126141067793,0.00814584906105067
"15",0.0247725056980226,0.00210013362740005,0.00120054043250854
"16",0.0112322313074869,0.00402410712214337,0.00564549921057517
"17",0.0251240034332711,0.00064545844233694,0.00612675871351453
"18",0.00800924261769284,0.000621450880212865,0.00398443982632106
"19",0.112348888124178,0.00417900334954349,0.0163472228295832
"20",0.0494087798063268,0.0004022993530477,0.0137733268868507
"21",0.0244561040885803,0.00282752442937377,0.0221456705434827
"22",0.0661959243788024,0.00192395938109323,0.00691107391407268
"23",0.0100825168101634,0.0025977500034718,0.0143623693601349
"24",0.0417845606029464,0.000640128208166634,0.0128019465039803
"25",0.046166663548642,0.00205528941161555,0.010032076939058
"26",0.0355467575679995,0.00200557269516664,0.00163710099134042
"27",0.0259183269627065,0.00221182323241213,0.00669542673201199
"28",0.0191492375506472,0.00125663991335091,0.0151977467964382
"29",0.0572540068384331,0.000405326712780138,0.0154796354723813
"30",0.0500242904845259,0.000655838128065438,0.00564322534833813
"31",0.0243307046316471,0.00436750096822205,0.0133280042828871
"32",0.00774958403101572,0.000949294610508712,0.0112377796983902
"33",0.0666234027262548,0.00101221551234012,0.00415105082028669
"34",0.0235144769989279,0.00284192530404701,0.0350892321821304
"35",0.0339450161766084,0.00182158650900583,0.00511730061232597
"36",0.0578639321202233,0.00215001302787925,0.0104251360688464
"37",0.0374593183602446,0.00399561801779447,0.0228988203496517
"38",0.00891346365271601,0.00417816991962178,0.0159126316965347
"39",0.0281409778126452,0.00757150757528391,0.0150078655687863
"40",0.0532340952809323,0.00515218108373741,0.00254620753522514
"41",0.0564943306435719,0.00276605038544909,0.00699895584643307
"42",0.0282512535423781,0.00256999134932973,0.000785379571014096
"43",0.0521295524566094,0.000983113812625695,0.0145860677377247
"44",0.0470477530140963,0.00482377529878244,0.0169913008817521
"45",0.0139664103863036,0.00513159309929519,0.00518334866234514
"46",0.0313647443697784,0.000462833541101493,0.00294151611404066
"47",0.0346691865206083,0.00501063474769417,0.0396947581503931
"48",0.0866234344529423,0.000662444049371426,0.0197332660720426
"49",0.015809876359653,0.00474973695951437,0.0180940505547927
"50",0.105554030606248,0.00330232053731774,0.00426210488624946
"51",0.0300395031740589,0.00241161365810413,0.00434335704838545
"52",0.0357384257953721,0.0023759211977585,0.0118418747527467
"53",0.0382153040949134,0.0015985937092805,0.0196036836135479
"54",0.0107693984823054,0.000501018284837194,0.00537940451551993
"55",0.0240311615732795,0.001330455109927,0.0211327313541248
"56",0.0455267129074782,0.00167177981604189,0.013399759368768
"57",0.0412677615113037,0.00416020868745851,0.00194898334911565
"58",0.0399079497674519,0.00253582841545709,0.00946471254842737
"59",0.0283109250723233,0.000442830470905833,0.0168063959922808
"60",0.0300907739230779,0.00234969032822625,0.00934296882521641
"61",0.0285484758636178,0.00161367585464342,0.00768763306388501
"62",0.0359680766651862,0.00318206649684928,0.0136121149106
"63",0.0198291823385108,0.00262917263936928,0.0204024026413199
"64",0.0460112552818218,0.00203126126639926,0.0148500926569328
"65",0.120259972754686,0.00340710465990081,0.0189206603016908
"66",0.0463428471623729,0.00138807287592765,0.00278165319111294
"67",0.0464996481366375,0.00212712304795931,0.0197886326802696
"68",0.00650771147800588,0.000541550389625139,0.0140557169666463
"69",0.0455588033994853,0.000592422389632552,0.00875960492059641
"70",0.115038785761873,0.00227326155233508,0.017873341256149
"71",0.00578792806607568,0.00193649711797252,0.0113162813744747
"72",0.0162935781166808,0.00048823744635324,0.0049229260762768
"73",0.00557950850595219,0.000619997326920922,0.0112215599597711
"74",0.0650149663828565,0.00141436090099246,0.00220847954308501
"75",0.00797963959949571,0.00518745883913834,0.0195601651267841
"76",0.0423915817191233,0.00236324108852132,0.0133326366631104
"77",0.0371127376094147,0.00199532685786455,0.0140781275846007
"78",0.00689109525658692,0.00479579443025532,0.0142047506623895
"79",0.0246224438330974,0.00476438834770092,0.00814538140545386
"80",0.0375152906099077,0.00844196360204793,0.0172526561200766
"81",0.0283177664858117,0.00159622731471966,0.00492954865661785
"82",0.044072899080984,0.00546153510218591,0.00875257848058973
"83",0.070420518365688,0.00368498779492138,0.0183414661239477
"84",0.0133663913026071,0.00042651477943337,0.0228564617319628
"85",0.0852188627133259,0.00210734071682616,0.0177178231348332
"86",0.0243704365298205,0.0067435099155972,0.0171395636307537
"87",0.0307391852761545,0.00525551635957099,0.0219192565523426
"88",0.029949492108722,0.00205158665887667,0.0118286405234032
"89",0.0583745709644221,0.000576947860553546,0.023368238152174
"90",0.0365601815782719,0.00300745917317231,0.00957235775481391
"91",0.0221507002579574,0.00044009983708148,0.00125691236006092
"92",0.0438582480730226,0.00281457056074889,0.0151659735476924
"93",0.0697163466822271,0.0066706736796061,0.00894403168035661
"94",0.0473785402755519,0.00108850648033769,0.00409975290037394
"95",0.0284877083351255,0.0031249578114537,0.00313694566239001
"96",0.0463546305249915,0.00408552811671776,0.00870830980828066
"97",0.0719355032130162,0.00158050227643266,0.00966948557011822
"98",0.0427410423431861,0.00140929028992043,0.00936368116627224
"99",0.0188979703806623,0.000962170776288517,0.00945387932673563
"100",0.014637846697824,0.00708730974927732,0.0121231289474571
"101",0.0590705808023348,0.00654093769541908,0.0416887481541852
"102",0.0661081036137151,0.00323025604436329,0.00188646510222165
"103",0.0373857026734862,0.00417782264486341,0.0267798641319556
"104",0.00650662533469322,0.00260856180016677,0.0135601606247998
"105",0.0291034205823209,0.0057406029472145,0.00875447106498287
"106",0.0221610373766955,0.0025720667722198,0.00237248271540105
"107",0.0136941134332237,0.00556805354148671,0.0176868417738743
"108",0.0198579080735487,0.000565069642544516,0.0171230432211569
"109",0.0828986006855742,0.00224942487463966,0.0139942557663945
"110",0.00872688232878752,0.00443043038733283,0.00556342340555313
"111",0.0333449219767948,0.00327714317427732,0.0223312788244077
"112",0.0383756937145384,0.000460864687636992,0.018350736564244
"113",0.0473372039546991,0.00121653405659288,0.0137976559904959
"114",0.0245835332003832,0.00247967818100656,0.00785302976051183
"115",0.0399408121101663,0.00239066034159566,0.00877964429845616
"116",0.0296020148409208,0.000497026406131353,0.00710806029257604
"117",0.0444675765787405,0.00207085744888491,0.0108512820681271
"118",0.0401326307875233,0.00267528901733112,0.0232521806259101
"119",0.0461598685853093,0.00108301494679896,0.0102750692371222
"120",0.07025258063288,0.00288017291930885,0.0188976656824889
"121",0.0342855738848991,0.00724414695659705,0.0129911112072262
"122",0.0524058249437778,0.00122411324508497,0.00504772398722637
"123",0.0212929701386013,0.000509411002661055,0.00310561800083491
"124",0.0370395381606111,0.00056561369328264,0.0175415653377625
"125",0.0188565824893385,0.00307244513447339,0.0179607618521998
"126",0.0168432994192543,0.00227375600131234,0.00547844016585252
"127",0.00821057877473991,0.00360893024822268,0.0221336110992878
"128",0.0698766931901326,0.00183129528285221,0.0040313157581866
"129",0.0427156599356406,0.00050774092953264,0.026164205171063
"130",0.0949290071151723,0.00140093601395251,0.00463971476417368
"131",0.057329471617637,0.00388208973001132,0.0104963594015305
"132",0.0448951969735328,0.00264453508394338,0.0168185998113385
"133",0.0190027714837595,0.00368633187362016,0.0188452154219817
"134",0.0393866973198343,0.00266545699224111,0.00641852038346924
"135",0.0773453152702509,0.00369540273905897,0.016304906325162
"136",0.155400285534983,0.00171480561709379,0.0096830780045538
"137",0.0811021148657308,0.00351579212329455,0.0126370299904908
"138",0.047435352525274,0.00873275944431981,0.0163839570898958
"139",0.0313232760418224,0.00550301493460173,0.00400785629592598
"140",0.00743342440681425,0.00436176376091288,0.0141603783423293
"141",0.0110637391161666,0.0025205473094028,0.0237503069435237
"142",0.0221459787898308,0.00632322227481394,0.0101916148905496
"143",0.0569693484896879,0.00174748786868448,0.00607794705276128
"144",0.0228559111299367,0.000325245746890883,0.00878537540128321
"145",0.00724065496044056,0.00367683738514533,0.0140989661469937
"146",0.0294883390284387,0.00201942763262802,0.0184232886566312
"147",0.0213072323247737,0.00375171268314406,0.00841175354707195
"148",0.0502499721518222,0.00331151699812381,0.00202203368394616
"149",0.0531132559410067,0.00195870387549714,0.0105925159468901
"150",0.0202566723738802,0.000500250985609117,0.0337868947253594
"151",0.11676503089053,0.00056718643586007,0.0169023593282121
"152",0.0829589162206472,0.00679993957700365,0.0172556878652716
"153",0.0200789789401785,0.00215963268173443,0.0129088924799415
"154",0.102371293021292,0.00235933211660629,0.0103809348882691
"155",0.00621672493437103,0.00436124239826755,0.00859935586215029
"156",0.0771585713515185,0.00495527846600199,0.0228511595352756
"157",0.0197640773118738,0.00650599112217718,0.0126978743170346
"158",0.0681859221287563,0.00449210993364154,0.00867525601376469
"159",0.0685650189398825,0.00437932743163369,0.0104683065833667
"160",0.0773953463874325,0.00690918099387508,0.00809657372074758
"161",0.0119484513147224,0.00732663115873911,0.0152469639826715
"162",0.0242973149858362,0.00106902345341407,0.00169474269704376
"163",0.0519275465109089,0.00112839283575286,0.019171775978646
"164",0.0691354994885046,0.00173399385850576,0.0157310688206143
"165",0.0702592826441817,0.00293560713843631,0.0148071710719763
"166",0.0488573387475689,0.0029800192277338,0.0038945583957199
"167",0.0354969245589906,0.00802877779922513,0.0175368190440081
"168",0.0486576709570612,0.00114357998147747,0.0289799341042411
"169",0.0375355873756949,0.0046822806325957,0.00660603486166773
"170",0.0242914848217745,0.000445240983834578,0.0118694492322539
"171",0.00684913723362353,0.00255582674811273,0.0012818302202336
"172",0.0378235757212667,0.00256646317638064,0.0143006014838274
"173",0.00684811318259311,0.0042453048721053,0.0113088905890466
"174",0.0732880133949253,0.00468714716666812,0.0214009767035022
"175",0.142413352053883,0.00202677072618726,0.016723145294542
"176",0.0469891513344937,0.00772198316902682,0.0314710088688612
"177",0.051942774687572,0.00401363403148428,0.0210453861724984
"178",0.101389562123223,0.00819339866731853,0.0186042257730561
"179",0.0691191677966388,0.00211210966969405,0.00779566334220993
"180",0.0269248587858581,0.00657882096870434,0.0122332035631472
"181",0.0204267987660062,0.00236393762016352,0.0289904942859232
"182",0.0300324043948142,0.00859524202382879,0.00216986618776406
"183",0.0773875033247107,0.00255117325276048,0.0141864940188612
"184",0.0572380904032481,0.00490178251734435,0.0219040526720358
"185",0.0441733815147415,0.0065170889295922,0.00942541447331376
"186",0.00575253836149341,0.00346763918806127,0.00585036761856488
"187",0.00660592848149619,0.000476996010540224,0.0168927597367906
"188",0.0270698826326636,0.00265658585658545,0.006471127827325
"189",0.00664989968625715,0.00913598726956401,0.00899922334601136
"190",0.0933354189523904,0.0112394840584617,0.0126463991918734
"191",0.0630731963190319,0.00534515568414362,0.00884382955414827
"192",0.0474107160699849,0.00573334916883736,0.0152179391740728
"193",0.0469228127381274,0.00216575438180432,0.0112625753543086
"194",0.0873943564157521,0.0117615205717701,0.0150269772395343
"195",0.0501902893612214,0.00960191704247935,0.0115978526200714
"196",0.0628237144155019,0.00371269451157679,0.00475130693365025
"197",0.0475290984866525,0.00166160773285221,0.0199241561761557
"198",0.0697882864436865,0.000406328687707076,0.00735632820160632
"199",0.0574070401098674,0.00444839818894572,0.0191075405416892
"200",0.0261226181838469,0.00050605526891717,0.0151232803338945
"201",0.0139085249398428,0.000438284264160777,0.0235048320134085
"202",0.0549479833441187,0.00490579227289946,0.0104825325090788
"203",0.0319755632580715,0.00148137315739458,0.0194005364722562
"204",0.034869035498353,0.00110563239418934,0.0117476124083625
"205",0.0381386391789489,0.00234932141740788,0.022809443320029
"206",0.0135282237359633,0.00312716419642043,0.0165192666056024
"207",0.0329980149849587,0.00198093988930845,0.00702966159679695
"208",0.0182401553674555,0.00397708010557934,0.0101565426500222
"209",0.0224959938367614,0.00129082933326433,0.0221335583418681
"210",0.0872065110844584,0.000895852778115569,0.00734083826046823
"211",0.0685896963771085,0.00381688001314327,0.00401798397462436
"212",0.0497717890906216,0.00464574981998134,0.0198498327709591
"213",0.104627624723473,0.00283841192079892,0.00108754668877938
"214",0.0148026273362969,0.00129514618452589,0.0074781858343801
"215",0.0573658100960332,0.00352225894411134,0.00132601618648904
"216",0.0204330974434641,0.00762840460200524,0.0196566714646434
"217",0.0466486965109934,0.00419222710587198,0.010477040258727
"218",0.0372690438421696,0.00274975023262131,0.0194729754623253
"219",0.0318067856852168,0.00041094489813993,0.00811032570447308
"220",0.101542639939886,0.00323605939403987,0.0191421835054779
"221",0.0688374417703644,0.000366274764953939,0.0340967045841149
"222",0.0319270269002144,0.0031830223950995,0.00581604461530223
"223",0.0715875150677811,0.00369110106703065,0.0105455790110665
"224",0.0685830832003852,0.00152751155237611,0.00923938124760939
"225",0.121282791489406,0.00372898640144183,0.00450001529616066
"226",0.0408267526346688,0.011783695625818,0.0188505447980645
"227",0.0381092343658389,0.00641143186174555,0.0182604879406597
"228",0.0706054737299674,0.00301729659968829,0.0224748248528754
"229",0.00396369172752541,0.003146628775951,0.0167115422272851
"230",0.0307864851788119,0.000303315942241105,0.0147583556625635
"231",0.084001700044973,0.00209978571061229,0.015726748924915
"232",0.0639363609571553,0.00357586849852202,0.0112045512107246
"233",0.06324660035442,0.000398946289159784,0.00463096112844425
"234",0.0610450961777319,0.00620594988473441,0.0196631673386039
"235",0.0849070654834022,0.00639635218867138,0.0279024692647169
"236",0.0325276370818575,0.00593636174702192,0.00715293713046537
"237",0.0317621416460928,0.000300146813786531,0.0182597272919373
"238",0.0249995096842888,0.00406768391437619,0.00629464793786758
"239",0.0177261678399778,0.00196606279844504,0.0148377396830229
"240",0.0551686182266337,0.006843493491169,0.0236995733147292
"241",0.120085714231973,0.00173893704380361,0.021555163993991
"242",0.00477694410097681,0.00217862961153907,0.0107225621231893
"243",0.00379380963699373,0.00557860408858323,0.0244374325823641
"244",0.0856266624136575,0.00253355493052652,0.0270579308125635
"245",0.107282114008418,0.00376304674416852,0.0155396851638427
"246",0.00532363585667011,0.00463137432193337,0.00624516844526088
"247",0.114938612894219,0.00224163471546478,0.010746438782663
"248",0.04898305345951,0.00718669442746672,0.015526156205351
"249",0.0335713895302176,0.00275111020107154,0.0129828193577764
"250",0.0239265441778709,0.00264508088816372,0.0175131302621718
"251",0.0565406958502734,0.00359973913099587,0.0153180475355384
"252",0.0300906867267908,0.00144411608794274,0.00786902887875238
"253",0.0416858425299635,0.00251182547177514,0.0134423745184176
"254",0.0497401366392432,0.00898805580081004,0.0214713475094839
"255",0.0388415195070005,0.00508354582260562,0.00176709835565232
"256",0.0112905699011561,0.00153338631711404,0.00788779874713089
"257",0.0336968207441332,0.00241611036334975,0.0166307829893177
"258",0.0552051384246755,0.00519153015977775,0.0151444533344266
"259",0.091462414492114,0.00538877342508395,0.0184851064781292
"260",0.088912703810311,0.00520073025586404,0.00767285582380678
"261",0.0180373966310296,0.00157141497630758,0.00495657583996982
"262",0.0172668836151128,0.000326198336382227,0.0154997082997581
"263",0.0541085055417856,0.0018285008148638,0.0310246736722026
"264",0.0406505560887151,0.00353300192753534,0.00123555673587198
"265",0.0628119102151763,0.000334196897128375,0.0341750731940518
"266",0.0238079547811825,0.00044995259721597,0.00127759010493369
"267",0.0653130215352089,0.000757161008720418,0.0137693516180929
"268",0.113625409265923,0.00600476890054003,0.0106309046758061
"269",0.0140328180257366,0.00598119684220735,0.0154396628106672
"270",0.0199401652871069,0.000526251586231973,0.00862956891666733
"271",0.0196470630611698,0.00408943147277639,0.0168018412242575
"272",0.0755410368985268,0.00462640401533434,0.0143830403934857
"273",0.0163265840066028,0.00463409962726334,0.026245933950295
"274",0.00641689558727764,0.00227209331373888,0.0194953731748019
"275",0.0508428649813771,0.00426197160064383,0.00717319375825326
"276",0.0541744060409121,0.00263883103139628,0.0200254020578503
"277",0.0529596850990847,0.000785285952320918,0.00253832971023328
"278",0.0518763704777835,0.00398106350139232,0.00834702705159816
"279",0.0246501850125774,0.000323319670871188,0.0209745505269187
"280",0.0754055929307635,0.00177315633737194,0.0141818471270966
"281",0.0515730276681564,0.00308612268938524,0.0158501809693873
"282",0.0533988522565359,0.00377766255444016,0.00837162915185832
"283",0.037501340313725,0.00461735667587879,0.00874790285710769
"284",0.0215246743200584,0.00203873639991066,0.0167396523825048
"285",0.0736925618767358,0.00217445003942702,0.0105044315490475
"286",0.0155577538201596,0.00241883205157124,0.00943708281600619
"287",0.0289181939087349,0.00406724147090613,0.0181209497038711
"288",0.0156724659749917,0.000945525523261873,0.00868458244212042
"289",0.0207212021399023,0.000474810046988465,0.0141175200817473
"290",0.0330407688484355,0.00227269553457751,0.0079970957845729
"291",0.0202637452397554,0.00611684777919711,0.0107748593981523
"292",0.0167832826038517,0.00285539159430545,0.0343108869335391
"293",0.0783963299078254,0.00189823318951882,0.0159323875140724
"294",0.0538173239435296,0.00518338653247616,0.00832651500735799
"295",0.0562231708104868,0.00443465281353717,0.0107650103081428
"296",0.0105818231392948,0.00643405893460655,0.0124138882411146
"297",0.0322523151212218,0.00363325288128351,0.000990579317991185
"298",0.023888531710864,0.0015144230144824,0.0193296399245501
"299",0.0103269629477049,0.00137599610315756,0.0159882252971569
"300",0.0372158391257026,0.00117026313160459,0.0402928349644854
"301",0.0606340719328216,0.00215070813518305,0.00422638199729674
"302",0.028930601878846,0.00640176018939386,0.0222179514897464
"303",0.0683205231013461,0.00245659175118869,0.0146542618551874
"304",0.104461610549899,0.00180791982947757,0.00930661948087977
"305",0.0476171691902239,0.0017219011697571,0.00188248814200087
"306",0.0753453773447739,0.00245407926045842,0.0123632821961186
"307",0.0799701452522792,0.0016995992829263,0.0113696722418746
"308",0.0467341557100778,0.00412267509674952,0.0134052141391027
"309",0.0631459738332727,0.00349985758185598,0.013071160765512
"310",0.00373944470036531,0.00375294685887183,0.0134724172262552
"311",0.0247653297005241,0.0036618522912496,0.0178825635326481
"312",0.0919619011001827,0.0017337945576223,0.00163901199863524
"313",0.0498333110185821,0.00281393509610665,0.00155503941606349
"314",0.0295390081135364,0.00267845675618329,0.00371881109420465
"315",0.0431678015879924,0.00522169103149817,0.0317893930685951
"316",0.0355038848085253,0.00191905035675941,0.0183336472824492
"317",0.0280222693909478,0.000817693330085928,0.0226184766128611
"318",0.0340662348632206,0.00074982654580543,0.00398343021691737
"319",0.0732676450787206,0.00399623018339831,0.0105170595196982
"320",0.00365274383315994,0.0043877160163547,0.00521190229282481
"321",0.0273454071464819,0.00475739824479034,0.00426588658629487
"322",0.0138287717748173,0.000195681446360666,0.0238785004775199
"323",0.0328741003418937,0.00463894491367734,0.0216517919516273
"324",0.0339722955852238,0.00398538798405853,0.00760086310930424
"325",0.021894565516713,0.00195690517996982,0.00658231857006618
"326",0.00523883890621029,0.0046007443945378,0.00792093773831708
"327",0.00503796751599825,0.00241311287398462,0.00225281039916018
"328",0.00951845159319389,0.00034189184001889,0.0162344811223434
"329",0.0312605254694826,0.00256517854309849,0.0098719220954944
"330",0.0643834862832751,0.00144406993996601,0.00143514918795386
"331",0.0933539674618528,0.00510028140590417,0.0176731005532481
"332",0.0371588712220831,0.00142783905819032,0.0140786781259689
"333",0.0684391505771522,0.00359550009484891,0.00867781637780635
"334",0.0787375205106218,0.00198121288445561,0.0030671654426962
"335",0.00633687449855861,0.000379812175052811,0.0183689309466365
"336",0.0249922783143095,0.000247295873686348,0.00852892611062635
"337",0.0068230801703939,0.00291355706982191,0.0134553192344045
"338",0.0638848654965726,0.000897923856724627,0.00919113598369798
"339",0.0170041452518701,0.00324227168718464,0.0135916267820245
"340",0.0308285067826028,0.00050781933500675,0.00521592221873333
"341",0.0415727152149635,0.00355109658891925,0.00551441784818308
"342",0.013985717917768,0.00228230143200488,0.00129008906234937
"343",0.0667203129799972,0.000492816518149222,0.0124287556148302
"344",0.0168278895260284,0.000440998728928566,0.0189902453031295
"345",0.0284231037198995,0.00134343249533434,0.023280166451898
"346",0.0242870420927895,0.000531517736590335,0.02847365152524
"347",0.0411147330806583,0.00167190088725119,0.00629876375644298
"348",0.0152374605332372,0.00475975377701785,0.00200122451429876
"349",0.0202969290055571,0.00435936923020569,0.0301549429955527
"350",0.0115088574004408,0.00600671423627621,0.0177372980409297
"351",0.0103389889861681,0.00325272667616226,0.0106004561721674
"352",0.0227309152478558,0.00055348740893478,0.00985914626759611
"353",0.0226558710310929,0.000421261940132068,0.00533594644032102
"354",0.0560865873265049,0.000457161097157521,0.013652903906281
"355",0.0530719352685395,0.00293478019168688,0.0118937289811125
"356",0.0231285360202151,0.000995955201024545,0.0114892125599117
"357",0.0814866770495719,0.000658135478744242,0.00154067012287321
"358",0.00704339102357449,0.00310139660963241,0.00430806744140565
"359",0.0490461881229451,0.00406901594767972,0.0028073127151632
"360",0.0495199512871861,0.000608412343346569,0.0213845656024454
"361",0.0432573551339533,0.00488435740561813,0.00719256597782157
"362",0.0838661696613367,0.00378144169036662,0.0114875732496549
"363",0.0316139723861204,0.00309685111712766,0.00560703096697109
"364",0.0546451607739835,0.00260286546911889,0.0116790031516453
"365",0.0424012499842745,0.000906507237298058,0.014722552349726
"366",0.0206077826561448,0.00318210655418937,0.00885243611805114
