"","Metric1.Metric1","Metric2.Metric2","Metric3.Metric3"
"1",NA,NA,NA
"2",0.0394907940802438,0.00392471940827132,0.0123146121898462
"3",0.0462800724403709,0.00452049488900592,0.00973495232063465
"4",0.0472749189890923,0.00445306157842692,0.0121520998374818
"5",0.0485881481018579,0.00375450823996148,0.00913822565782758
"6",0.0404006351973745,0.00402518224685737,0.0101279300055179
"7",0.0357262444813175,0.00344509121445129,0.0168154330720021
"8",0.0489990011896958,0.00396453409680674,0.0137220572180718
"9",0.0462727685720537,0.00308968755462198,0.0106916145515357
"10",0.049673245230305,0.00398285275304995,0.00993775009117316
"11",0.0497494037103121,0.00477381762602645,0.0147838854277056
"12",0.0447922936048285,0.00331305960193575,0.0157859306611896
"13",0.0362989571410604,0.00331540139355418,0.0161623233787667
"14",0.0459445870882683,0.00364248777385554,0.0187999299762151
"15",0.052939945675409,0.00412166558427732,0.010142437729709
"16",0.0452272994078046,0.00503246414659844,0.0162071085275222
"17",0.0566574638979511,0.00413026950710392,0.0154752335475762
"18",0.035455837878217,0.00344664149471981,0.0106281624266471
"19",0.0520324766035519,0.00330751333676669,0.0107895699695893
"20",0.0458460988929666,0.00431614086667567,0.00941363697709799
"21",0.0406970828458501,0.00400866828263763,0.0180720925919808
"22",0.0477026789638282,0.00411396782295743,0.0128683350292455
"23",0.0421242085598563,0.00409265864986968,0.0124327288809292
"24",0.0427083810121625,0.00327667981997371,0.0176988147263199
"25",0.0629894331212159,0.0037740025474597,0.00905948718371637
"26",0.0634906505108005,0.0037548519167352,0.0097750369932173
"27",0.048907091669969,0.00437520746539708,0.0130825941633332
"28",0.0507882796995672,0.00344085441815826,0.0189421283280257
"29",0.0560518928308251,0.00420601546197705,0.0113650587959694
"30",0.0417026897834955,0.00464424117020154,0.00776932197918355
"31",0.0437511874594524,0.00467356538991244,0.0117142198024098
"32",0.0376268112185296,0.00300327300565612,0.0107981642208092
"33",0.0546424502257386,0.00414557173329606,0.0152885627197824
"34",0.0692851275083386,0.00403426522919025,0.0182102442205071
"35",0.0352326165330478,0.00346646052195124,0.0145514513278828
"36",0.0471464769281059,0.0054242937250814,0.0159684696253038
"37",0.0552497263077827,0.00476417594939485,0.0172821968216264
"38",0.0537116357926858,0.00424227739936638,0.0152535266878482
"39",0.0460394023653987,0.00562251348775612,0.0164498205029048
"40",0.0561094161081838,0.00435850521584061,0.015524887911435
"41",0.0650324403917964,0.00538733640025611,0.0134806018001839
"42",0.045022546825945,0.00377270453144695,0.00888314456158673
"43",0.0479804618628693,0.00383334798390432,0.0152982243622657
"44",0.0610380516768583,0.00474010721583456,0.0171014319198459
"45",0.0459627555404126,0.00505698563475262,0.0229411698708307
"46",0.0569165772905218,0.00458489671866066,0.0194755989096847
"47",0.0579300879070044,0.00460780305950745,0.0247990093347165
"48",0.0529860141344624,0.00406751886627065,0.0110812987557894
"49",0.0512886070815081,0.00421881152985836,0.0148563923140802
"50",0.0505268078030486,0.00494274490102843,0.0127436476902689
"51",0.0667196322444211,0.00273633338727947,0.0145719346544385
"52",0.038452921801084,0.00614377577871109,0.0149414404306262
"53",0.0476624615446732,0.0033976959204892,0.0102869364299546
"54",0.0381571899959895,0.00372251713903411,0.00803244766374963
"55",0.0422614750217606,0.0042207365189128,0.016906492602547
"56",0.0404838895138526,0.0036342183771379,0.01359072418199
"57",0.058617212144757,0.00409012936018194,0.0114223393948663
"58",0.0503616039169493,0.00413588316047792,0.0157712865817242
"59",0.0466126771928367,0.00367853935563671,0.0185737935888064
"60",0.0452120253991356,0.00370532764555869,0.0188075205566419
"61",0.0299045257237512,0.00306825760810852,0.0105695922424782
"62",0.0518464944772355,0.00352319596177128,0.0155069908826755
"63",0.0307639133121293,0.00454951054892129,0.013595776346298
"64",0.0531413700200723,0.00312071878557533,0.011239352156475
"65",0.0586473004240192,0.00439739235691927,0.0162016607960606
"66",0.0504736729584039,0.00431564372691542,0.00997581266434647
"67",0.0501741701812351,0.0043241475693662,0.0160445654742676
"68",0.0433311246198102,0.0041009621000818,0.0240160688521958
"69",0.0373734564451478,0.00368789666338609,0.0142717925634411
"70",0.0586590565158235,0.00343484035582481,0.0123262325952682
"71",0.0409897633182429,0.00388238595130023,0.0124706031602857
"72",0.0432007438000933,0.00413786271719147,0.011126202077012
"73",0.042607952305023,0.00466898923951049,0.0112554740648668
"74",0.0492007381337456,0.00380607647576815,0.0110135129787815
"75",0.0473610472181226,0.00428529949580587,0.0123710899715157
"76",0.0557582426732926,0.00384535342054366,0.0100810654708256
"77",0.0522208337687421,0.00426825432742836,0.013642925201346
"78",0.0469185874612893,0.00469021486605186,0.0138439894508541
"79",0.0439672367481081,0.00424514079921657,0.0191853659085729
"80",0.0415387802615101,0.00451104736858144,0.0171835450850758
"81",0.0506360251664747,0.00463304370882227,0.0104430332940743
"82",0.0509156547722602,0.00478358431631988,0.0127465788915898
"83",0.043160983093885,0.00460653473942106,0.0153364789599649
"84",0.0549893834796243,0.0041067825494838,0.0167502666715573
"85",0.0465236605934204,0.00428285295000238,0.0151474981129539
"86",0.0623766743800826,0.0059201108703663,0.0207447995645109
"87",0.0472410381952337,0.00445491186795148,0.0180342163935836
"88",0.0483200039105819,0.0033446254708281,0.0164794223422312
"89",0.0516526558244123,0.00393028261211448,0.0117279985593428
"90",0.0488433147463592,0.00540170875851445,0.00990734713134979
"91",0.0465895395218353,0.00429809395214878,0.00957118813465514
"92",0.0441598619341499,0.00333350557670942,0.00975862680788
"93",0.0501214733178883,0.00447583200112631,0.0150084055429062
"94",0.0483862576720557,0.00449261113380758,0.0122279735799842
"95",0.0523004080353002,0.00456413845435197,0.0142644628714481
"96",0.0479570987178288,0.00404109030496267,0.0183560501895588
"97",0.0562873597436269,0.00372527280247181,0.0211575735970259
"98",0.0511235485274464,0.00413135704099746,0.0216674131099508
"99",0.054185864947238,0.00413473876997697,0.0125699951757584
"100",0.0547184575145251,0.0050657521790195,0.0179828932886317
"101",0.0604396961540661,0.00497886542297292,0.0201369454960531
"102",0.0535636982492118,0.00448836592210292,0.014543651534097
"103",0.0489090425118983,0.00458325402792408,0.0167050439358462
"104",0.0442466916318982,0.00560111076495791,0.0170372650024698
"105",0.0461278910811547,0.00535726176587516,0.0193629163587794
"106",0.0500712695155773,0.00485820635325971,0.0206856801776564
"107",0.0439284143839303,0.00421315908189704,0.015858667108692
"108",0.0541297494919417,0.00391853245439026,0.016492663988208
"109",0.055808942449996,0.00405462311050528,0.0152385946557489
"110",0.0487417838762587,0.00370404606227525,0.0162396631545446
"111",0.0586290926044274,0.00568280380254844,0.0160033803456838
"112",0.0460034354558924,0.00443601798496863,0.0113476644329269
"113",0.0600450052022316,0.00462416823102117,0.0155307286304054
"114",0.0462221728728359,0.00361979585292884,0.0122479881206131
"115",0.0565710132113644,0.00402876937753316,0.0111875920005484
"116",0.0497286933995989,0.00443645593453202,0.014590277491003
"117",0.0535057463249285,0.0045529157868962,0.0128750380607817
"118",0.0550187940552732,0.00396888340100044,0.0145832660974897
"119",0.0434271677166411,0.00396559705980305,0.0142307984631679
"120",0.0449684984189247,0.00466590992756143,0.0181885243728598
"121",0.0486996647680273,0.00519692109940801,0.0204499482929042
"122",0.0424864134482807,0.00365382430977803,0.0113155467397258
"123",0.0475764631564648,0.00413900802990831,0.0129993335541789
"124",0.0502894353484117,0.00456331315862176,0.0180780869569489
"125",0.0504701811829098,0.00484797794306405,0.0167059451095592
"126",0.0537556465279741,0.00440301736178427,0.0150174462625671
"127",0.0523425115694171,0.00465041653001052,0.0156790818767773
"128",0.0493111227852089,0.00518967431319092,0.0175234721257147
"129",0.0370496074505136,0.00468819307690597,0.0169406149505956
"130",0.0538874088613425,0.00366887399085848,0.0188890028952172
"131",0.0618709555658553,0.00467442401856933,0.0159567166094007
"132",0.0502469580910711,0.00503482802728518,0.0214657967389017
"133",0.0500454697473197,0.00448085869009689,0.0150285608660686
"134",0.0558899303487591,0.00463078072801263,0.0170661354397931
"135",0.0567243906788834,0.00462205601382155,0.0139705089991129
"136",0.0703185370323221,0.00428885876561388,0.014944535529929
"137",0.0462732113661452,0.00573384766281171,0.0175580347162938
"138",0.060107372681524,0.00593171664913437,0.0171212085623938
"139",0.0454608087767213,0.00555616947958883,0.0189212581439988
"140",0.0453275042162552,0.00525156462363028,0.0163117645402116
"141",0.0444012401953661,0.00527105013786928,0.0178541234194429
"142",0.0472055965098019,0.00521362076803356,0.0209539612605067
"143",0.0569183477656449,0.00510410422454733,0.0160497651304956
"144",0.0461316739357231,0.00471444972119004,0.012254060037659
"145",0.0457782026600985,0.00631203062215692,0.0135412880529988
"146",0.0566004045529236,0.0048480017445511,0.0160161003128735
"147",0.0443448770509212,0.00467954595996585,0.015330541766985
"148",0.0472753834564803,0.00534683623345974,0.0206738857947308
"149",0.0397276282168355,0.00555680459986102,0.0155986940103228
"150",0.0506193779057735,0.00520465134116304,0.020102705862365
"151",0.05822033009929,0.00462341373805392,0.0172283749242015
"152",0.0536195325815291,0.00417331733876781,0.0157547118155246
"153",0.0330328816765287,0.0036941168108422,0.0145651214702073
"154",0.0664720297455102,0.00400282303565756,0.0140793364299277
"155",0.0497440672685118,0.00495643244396045,0.0160515400821573
"156",0.0544678045517392,0.00451466622853935,0.0160089446917995
"157",0.0503959834672241,0.00467281531527994,0.0158080619182338
"158",0.0635683125044076,0.00479349259406846,0.0134691539992617
"159",0.0562298693268345,0.00470443120317265,0.0139771086424044
"160",0.0589041360819568,0.00527982393351533,0.0146359992123739
"161",0.0522415906061031,0.00642683064186416,0.0190827576081838
"162",0.044625260985274,0.00488011331900056,0.0182446304987528
"163",0.0457625478504678,0.00512789925364517,0.0151259031346428
"164",0.0560960946955607,0.00449927549718214,0.0179652174840534
"165",0.0609267903658275,0.00427841330322427,0.0188073978375119
"166",0.0413549351961618,0.00442938599031182,0.0153348712645471
"167",0.0452069577388282,0.00476382594277915,0.0171414081081981
"168",0.061924910250953,0.00532691679926824,0.0171035148557378
"169",0.0636366468591328,0.0052202815578264,0.0167451758245735
"170",0.0500838422943774,0.00421614497967122,0.0115264228897336
"171",0.0435132382382771,0.00422289931984236,0.0131309581963155
"172",0.0457801696805468,0.00473800810006854,0.0158287370200326
"173",0.0448857947093651,0.0056273917815081,0.0173346961473078
"174",0.0433087336126287,0.00579321500502303,0.0165734267919759
"175",0.0664539351599428,0.00533581875096728,0.0163301523468279
"176",0.0390395244219115,0.00503986474484395,0.021505246499352
"177",0.0567352658955091,0.00485739031409824,0.0176481594650175
"178",0.0546165816394643,0.00563957318525651,0.0163442967038161
"179",0.046165239270592,0.00388706320117257,0.0144593790774134
"180",0.0472557173371446,0.00441418847435475,0.018557216099051
"181",0.0395784541367773,0.00410710223452164,0.0182741818004852
"182",0.0487319876603796,0.00446698499001866,0.0166036415122359
"183",0.0498232540413159,0.00350213774573255,0.0179127654156171
"184",0.0456824453050528,0.00431855094540462,0.0186313433829296
"185",0.0554243083236082,0.00433770757756115,0.0166605007370751
"186",0.0487040003895052,0.00481131668411269,0.0138807159306481
"187",0.0548177022954177,0.00432685830202867,0.0180371889408355
"188",0.0530620974510205,0.0047170542676084,0.0174625922515943
"189",0.0531387424631036,0.00461228678502899,0.0156656762856576
"190",0.0565138692574651,0.00565610994313056,0.015324881187907
"191",0.0590538053609633,0.00450524898060574,0.0144993372030543
"192",0.0469049573909169,0.00589045382365788,0.0146591688396645
"193",0.0487387469549907,0.00414344255712436,0.0164817909465224
"194",0.055568951248773,0.00583011224312063,0.0137652440205687
"195",0.0657052023474825,0.00445128219906885,0.0140926098123404
"196",0.0546957071858465,0.00403708967534943,0.0127176929838707
"197",0.0599755570455448,0.00440641871170187,0.0159838182467559
"198",0.0587592472570164,0.00422828601792408,0.0149465282405218
"199",0.0485000342596589,0.00403997429327073,0.0167291441558512
"200",0.0525509236197189,0.0053361798127581,0.0168994792783871
"201",0.053191107055571,0.00429717710712567,0.0166281291164986
"202",0.059972380902332,0.00440699891155797,0.0168569558058033
"203",0.0563385018741066,0.00388139759597721,0.0174329768578959
"204",0.0503056053146497,0.00497770788574492,0.0187056943687143
"205",0.0509806311032759,0.00546838096922649,0.0164096410218035
"206",0.0491196657402665,0.00448596762833089,0.0177115231250139
"207",0.0496309012514295,0.00375432919219471,0.0145584853188112
"208",0.0476042290090931,0.00477747288782699,0.0144608193666316
"209",0.0465996830777435,0.00379389715617872,0.0170235622849686
"210",0.05950666522282,0.00401385781588685,0.0157380619519155
"211",0.0510069270090057,0.00483108907566113,0.0184522118339402
"212",0.0590176628151009,0.00475969600561468,0.0209394831559522
"213",0.0442693791058037,0.00571352904515565,0.0160198030252075
"214",0.0436566239906318,0.00417363565099269,0.0126673935581274
"215",0.0608706492707473,0.00494519296428883,0.0170865292372062
"216",0.0535028632383259,0.00510359886219822,0.0158182323605152
"217",0.0516216452346728,0.00528291919500476,0.0143094092890917
"218",0.0487700149676421,0.00447252989941427,0.0133432615401962
"219",0.0543878956455686,0.0034950880326055,0.0186678261142027
"220",0.0517834929656846,0.00588484143464104,0.0164583863237826
"221",0.0575296580162802,0.0063988067832751,0.0179175515669124
"222",0.0625191341487055,0.0052729063440081,0.0203277467274194
"223",0.0466627052930432,0.00454092518774023,0.0159776954255128
"224",0.0544895712929638,0.00440884924105648,0.016606976357423
"225",0.0623252049485785,0.00502220542534355,0.0158431445338937
"226",0.0526076761007187,0.00652428107936161,0.0113328505948211
"227",0.0489852339823142,0.00551425555909308,0.0151850431257674
"228",0.0539153541255956,0.00479824790776287,0.0176888270265591
"229",0.0428558426645132,0.00425968516143583,0.0142433026661519
"230",0.0490778648607787,0.0056058959760598,0.0166668367924079
"231",0.0519447025983164,0.00389219619448261,0.0128865998119358
"232",0.0569179772484911,0.0049642231215891,0.0183597623621093
"233",0.0545996252862898,0.00514776521903987,0.0160028065513123
"234",0.0608326690609117,0.00484993598958409,0.0191383108758426
"235",0.0602400216549396,0.00537726192958227,0.0182114389915561
"236",0.0590391191340534,0.00664082689207433,0.0185342970636118
"237",0.0513051593482648,0.00453533099026763,0.0195105945891697
"238",0.0463900657412444,0.00500468832409069,0.0179589718676929
"239",0.0462050551107965,0.00503857410737373,0.0141109874158406
"240",0.0582569689196117,0.0063494806108561,0.0116776717476199
"241",0.0643806778056504,0.005812277125951,0.0179184994352067
"242",0.0549183946535618,0.00567488027364597,0.0158873060853192
"243",0.0455162724630519,0.00392618314365686,0.0167067624017361
"244",0.0486378324859776,0.00397419800071672,0.0188929168088131
"245",0.0479978393946156,0.00356711873609157,0.0126034273690716
"246",0.0417885049940244,0.00461159614888223,0.0214882700638401
"247",0.0574729761488048,0.00473947131291554,0.0146833351230365
"248",0.0511851187213389,0.00393587162772856,0.0157667546991923
"249",0.0687722472107092,0.00526061117583783,0.0157322580599988
"250",0.045077102737095,0.00501666261657799,0.0168167886755456
"251",0.0562720056236698,0.0055050487133696,0.0167171732111579
"252",0.0490834607053566,0.00529327647039787,0.0159221073264692
"253",0.0519487182655118,0.00423081745162107,0.0177558071423299
"254",0.0565756409249524,0.00613020939097443,0.0160145424293448
"255",0.0446971613376616,0.00551972368777795,0.0136179379503294
"256",0.0469999383447164,0.00421962764195918,0.020371722537552
"257",0.0528752413043103,0.00487909434301144,0.0135618531520349
"258",0.0394912831407778,0.00527973359549714,0.0140287601371982
"259",0.0497807716322089,0.00559594571995712,0.020499436566578
"260",0.0577613798030098,0.004137392041358,0.0166540444430551
"261",0.0534149553690915,0.00345070361516638,0.0185324148109216
"262",0.0588753887127541,0.00434359236925647,0.0153249536686944
"263",0.0530980924423404,0.00331889747966884,0.0172521151307854
"264",0.0530902743673165,0.00470724017819052,0.0198933804106317
"265",0.0537188684766995,0.00409714457965454,0.0181851509707314
"266",0.0401080139767412,0.00417036824433081,0.0190816361088588
"267",0.0500640546398706,0.00403911286535022,0.0144197310050961
"268",0.0518848375775294,0.00477619963221013,0.0211430408854557
"269",0.0489305204790641,0.00529058024055353,0.0183275301698122
"270",0.0594504277802335,0.00438045007062973,0.0187934737800429
"271",0.0471898472394973,0.00401047520154747,0.0192091171063426
"272",0.0492914683179201,0.0045093949990627,0.0108706069959589
"273",0.0545039153203508,0.00419243377029463,0.0149534957895052
"274",0.0654984832931226,0.00416538198223589,0.0153642480647137
"275",0.0466836284228081,0.00441694373090851,0.014033417922689
"276",0.0379835818270986,0.00315464490289739,0.0112263200037481
"277",0.0459174817933609,0.00452331976348237,0.0149685658172286
"278",0.0557474758883815,0.00439586692474315,0.0154641917988195
"279",0.051444661535463,0.00433866496567364,0.0160355853411738
"280",0.0453608170091109,0.00432226560524714,0.015721100692293
"281",0.0483579502585806,0.0039017349224004,0.0192514817103002
"282",0.0570594005801779,0.00390659706406776,0.0176285833901564
"283",0.047208744893699,0.00362034419548523,0.0215651372149817
"284",0.0487686830873074,0.00567364690162405,0.0198234156091963
"285",0.0549660142291892,0.00423749141142253,0.016843104017118
"286",0.0461488811649349,0.00447304721382267,0.019735145246331
"287",0.0450073708298265,0.00524219565789787,0.0124126394596887
"288",0.0434215137537079,0.003947814023777,0.00890713108219331
"289",0.0425783442988366,0.00408607515276086,0.00811868570328636
"290",0.0609071480642868,0.00374156169497018,0.0114576679646401
"291",0.0480446771986182,0.00512672140048761,0.00952713474569957
"292",0.0436684961276445,0.00463422504210133,0.0167629542421815
"293",0.0455118987298404,0.00406564074400957,0.0138041824169552
"294",0.0433669933711086,0.00429690300287325,0.00750931247556661
"295",0.0484421574499007,0.00460455526701974,0.0130681550758922
"296",0.051463667434653,0.00551757978452787,0.0126067866582799
"297",0.0580654527206024,0.00419324407271879,0.0123184762514354
"298",0.0614614017717598,0.00368427656294588,0.0131244272435356
"299",0.0577018510526326,0.00395305714834094,0.0165654210533374
"300",0.0513356182017587,0.00453623050545982,0.0184157499593225
"301",0.0403127837145886,0.00483871071299238,0.0109185414394119
"302",0.0627190049958307,0.00388567997260393,0.0110230058988098
"303",0.0634749871101294,0.00388345037891562,0.0106323128282711
"304",0.052565244866032,0.00351281366848755,0.0121804896773748
"305",0.0555712671603717,0.00297817653929581,0.0117197032322953
"306",0.0481706489538993,0.0030918558211688,0.00837389551004924
"307",0.0483428886147475,0.00426695887141796,0.0136743149689767
"308",0.0532819957532461,0.00447112611592054,0.0156091939592821
"309",0.0421322655931669,0.0034606945179529,0.0135236209923287
"310",0.0569434175237849,0.00360855475310667,0.0109435567029344
"311",0.0514095166624841,0.00504595663720021,0.0124190939603131
"312",0.0519807614842757,0.00485624100967876,0.0118756780299545
"313",0.0473872468268232,0.00412183793998571,0.0141860556486647
"314",0.043011786550409,0.00501682256191868,0.0130624691596053
"315",0.0560805385361221,0.004171246435054,0.0192063312596807
"316",0.0461794920853875,0.00406064531726076,0.018600143433158
"317",0.0404753065467718,0.00432221202752085,0.0162259706306682
"318",0.0538734763318813,0.00415114737281494,0.00876739371188179
"319",0.0590373180814803,0.00427005632714521,0.0110938528864219
"320",0.0464618713540919,0.00272624106191074,0.0170408342307417
"321",0.0502593665115152,0.0052323217446213,0.0126702279589064
"322",0.0664104533737691,0.00399936425541804,0.0155711649282668
"323",0.0363536156704586,0.00522853684961483,0.013242662607822
"324",0.0437316315216769,0.00450817719272951,0.00907512360783582
"325",0.0491953989114358,0.00469847353087278,0.00531053289937345
"326",0.0479679945803486,0.00415650119774261,0.00955036209653754
"327",0.0507055010304082,0.00671599939201477,0.0117384308024893
"328",0.0487389464275195,0.00498336310866321,0.0149034277760854
"329",0.0411638359023364,0.00394165947475216,0.0109132918946474
"330",0.0553481842126549,0.00501118632249087,0.0117176014344385
"331",0.0521761719376191,0.00450041850264692,0.0157864318867495
"332",0.044119347580069,0.00411302634001132,0.0145219743022903
"333",0.065236354393206,0.00331433005494586,0.0132243057033474
"334",0.061841428104749,0.00609378668309979,0.0120950031199645
"335",0.0509895522659228,0.00549262312218274,0.0109475288749467
"336",0.0432780196779701,0.0029213008481655,0.00757969193684705
"337",0,0,0
"338",0,0,0
"339",0,0,0
"340",0,0,0
"341",0,0,0
"342",0,0,0
"343",0,0,0
"344",0,0,0
"345",0,0,0
"346",0,0,0
"347",0,0,0
"348",0,0,0
"349",0,0,0
"350",0,0,0
"351",0,0,0
"352",0,0,0
"353",0,0,0
"354",0,0,0
"355",0,0,0
"356",0,0,0
"357",0,0,0
"358",0,0,0
"359",0,0,0
"360",0,0,0
"361",0,0,0
"362",0,0,0
"363",0,0,0
"364",0,0,0
"365",0,0,0
"366",0,0,0
