"","Metric1","Metric2","Metric3"
"1",NA,NA,NA
"2",0.0338727857663334,0.00190522133286333,0.0122609123200932
"3",0.0244653281219602,0.00157380785338628,0.00334894115703175
"4",0.0450314448231159,0.00260308687546017,0.0128412429097063
"5",0.0163878458883974,0.00298942424979725,0.0166775290378162
"6",0.0644075495027019,0.00319149501855007,0.0062618931811687
"7",0.0044980616352041,0.00245955270558174,0.00444044930978796
"8",0.0586045148741502,0.000504966495617654,0.0259773909521522
"9",0.0536304011950564,0.00225175433313195,0.0131861168197837
"10",0.00242099512321315,0.00261275066359131,0.00354437339383204
"11",0.00349064676954415,0.00296498270218671,0.0209253455080642
"12",0.0138167543477406,0.00153162633861797,0.0104301592304412
"13",0.0573555168066042,0.00120166186099036,0.00612542998877263
"14",0.0224398178426183,0.00339052250356449,0.0229905419338866
"15",0.0529077505560276,0.00283705642667414,0.00112489293177857
"16",0.00662943439468909,0.00271038308987815,0.0107952914578915
"17",0.0252444171866264,0.000990222009561964,0.00382996439839019
"18",0.00778365212925384,0.000586919882468716,0.00402471736718825
"19",0.112518897800139,0.00445050316427256,0.0175366962292901
"20",0.0330728246683704,0.000392329009956106,0.0151727913330553
"21",0.0481249830646223,0.00242632971180803,0.0236807226177548
"22",0.0772944455481576,0.00299482199310622,0.00684619261141135
"23",0.0194380874236182,0.00259598589431286,0.0151751777650664
"24",0.0412754527206623,0.00100931287255905,0.0143716610872124
"25",0.0417286929692583,0.0003932788028397,0.0109568557332473
"26",0.0370495566511379,0.00274306135347046,0.00327402327221778
"27",0.0484184383996506,0.0014333752540727,0.0103008315065658
"28",0.0240403131659585,0.0012599463241432,0.0387855764885642
"29",0.0587293264280241,0.000399030090126866,0.0153604229235705
"30",0.0406442010835173,0.00203041131570422,0.0123315508117542
"31",0.0576880026886217,0.00240487058719917,0.0104013625555838
"32",0.00410815239478042,0.000961550336622415,0.0149934983527426
"33",0.0834126153658275,0.000588750209108779,0.00793870551014533
"34",0.0431035757336007,0.00217721161858204,0.0365742657616342
"35",0.0365212202595612,0.00180957598998661,0.00779334041899817
"36",0.0420079874912331,0.00301023755172201,0.0115771844622403
"37",0.0347702562778709,0.00201152153499206,0.0114802172581041
"38",0.067332622787087,0.00127604540527537,0.0153750688201635
"39",0.0345928579631943,0.00406614144918202,0.012546790367277
"40",0.0393545486311944,0.00309527332462321,0.0150868120191417
"41",0.00582067691376044,0.00359005109133974,0.00679025440067158
"42",0.0370867072627224,0.00355769320207672,0.00970755925327307
"43",0.0374044182644254,0.000492383225898388,0.0222651003727664
"44",0.0454823504923761,0.00467797629731226,0.00700173136764102
"45",0.0358766816881103,0.00388827922857767,0.00440459604019219
"46",0.0182482691549595,0.000464922339709736,0.0126338716155138
"47",0.0335169659093472,0.00423377371951619,0.0213991813913358
"48",0.0438952459231615,0.000669209175636118,0.0161336550804034
"49",0.0270011043259808,0.00522973291551699,0.0254500816956766
"50",0.0264031365430624,0.00291532196734633,0.00636962242658976
"51",0.050677855281111,0.000736995174872733,0.0155087923869794
"52",0.00579873672170823,0.00655525303628891,0.0231934693251593
"53",0.0286204608641717,0.00228993945265228,0.0203564791948552
"54",0.0113276209324115,0.000648723547209935,0.0100877838693651
"55",0.0349870150082128,0.00228620170683115,0.0216640929085775
"56",0.0733339828490881,0.000636734289466308,0.0166050326180743
"57",0.0691968642686407,0.00543427501672502,0.0122971994808987
"58",0.0227150542255333,0.00251880844810137,0.00635539965708438
"59",0.0131456178615712,0.000488013821556802,0.0181651203274222
"60",0.0271190637489215,0.00190592201651553,0.00951808250380321
"61",0.0266004837950329,0.00354546832632691,0.00611231602335491
"62",0.0171247380766737,0.00287851469736403,0.00565518468580249
"63",0.0165219296967553,0.00104216187492185,0.0251787637476267
"64",0.0123908189266141,0.000894342751828673,0.0233230100115112
"65",0.099553146484653,0.00245969053797272,0.0213453224540676
"66",0.0536869713393789,0.00229080697290546,0.00278797037855039
"67",0.035924724739404,0.00219633122742857,0.0202878865068594
"68",0.00917162655952391,0.000518053725499305,0.0239413923429558
"69",0.0530626560723457,0.000576964982963358,0.00218149210117138
"70",0.104424840155218,0.00314526739688981,0.0137533903485302
"71",0.00568797463851056,0.000383053510320839,0.00724368960690552
"72",0.0163155704624083,0.00138705873019715,0.0113606755651572
"73",0.0121148556141578,0.000617107989064446,0.0080064038761716
"74",0.0161911128009519,0.00138523658709298,0.00302042161262885
"75",0.00786266746452112,0.00440832683101215,0.0181668150340704
"76",0.0347764131901167,0.00213441555455498,0.00707548260673177
"77",0.0345386866771482,0.000905979617593994,0.0134499168195787
"78",0.047162517188917,0.00275943110138977,0.00703395390503548
"79",0.0242693505289196,0.00615416536672252,0.00577718940426461
"80",0.0238193595619616,0.00741243586413755,0.00987036919107727
"81",0.0276604501691864,0.00254105265253792,0.01267317179209
"82",0.012702819590351,0.00484972923593353,0.0130554294882386
"83",0.0734792397084487,0.00496960678312619,0.0152620984179201
"84",0.0134657891936252,0.00252230557474627,0.0261046434622717
"85",0.0638376800081321,0.00152569890483402,0.0188945603964882
"86",0.0244012129370632,0.00653907497554955,0.011667062825599
"87",0.0773599195934634,0.00310266061728649,0.0230438481683029
"88",0.029766499107256,0.00139648197783414,0.0182139707717976
"89",0.0451155755079089,0.000535465003905615,0.0182441078473862
"90",0.0244596889751469,0.00296930076111893,0.00874177140152662
"91",0.024098066989136,0.00105605088627899,0.00115311414216096
"92",0.0679742017043698,0.00325799599096053,0.0116827770929628
"93",0.0397685417344929,0.00489274955391864,0.00480549488506282
"94",0.0493703140910022,0.00102598113823278,0.0126009249597185
"95",0.0332805381633736,0.00535175166046696,0.019051127969408
"96",0.0327426472682718,0.00126650328093869,0.000842219623058291
"97",0.0630516485123491,0.00343334175483879,0.012914234166852
"98",0.0426376308689762,0.00395945554239271,0.0201359266391121
"99",0.015713616100957,0.00228152475287087,0.00925578682659228
"100",0.00628701073379924,0.00167093144151247,0.00675645261141757
"101",0.117327774201199,0.00603566760649317,0.0413160125534407
"102",0.0567102119642571,0.00575503218207304,0.0142037128740272
"103",0.0625962709573113,0.00417009767124385,0.0231653341154566
"104",0.0233397878564333,0.00593103595432814,0.0154062597884354
"105",0.0302515538512131,0.00591117877077708,0.00777313701096104
"106",0.0680573351208724,0.00272518535677795,0.0052649002592523
"107",0.0183085144589301,0.00648440901038416,0.0176574073416018
"108",0.0117191801988981,0.000553342592321545,0.0048617615125848
"109",0.0751746651794099,0.00224969494353068,0.0110955846480472
"110",0.00844350665759073,0.00399332972415635,0.00453643961281687
"111",0.0613051763613207,0.00314807266760046,0.017186681907047
"112",0.042168802905324,0.00139873567859157,0.0189777336863117
"113",0.0635092926598691,0.0022027294929207,0.0150346279078304
"114",0.0690127780509232,0.00163354456656486,0.00104574684500318
"115",0.113820946758378,0.00124435918870414,0.00894222187895191
"116",0.0687102038768484,0.00104561811165569,0.00139257265831078
"117",0.0332471656572427,0.00368686747761088,0.0178060647582387
"118",0.034881668599958,0.000867515122851294,0.0184415453153415
"119",0.0404421488084955,0.00143828661126211,0.012435205881139
"120",0.0713672020603173,0.00360766297938708,0.0131484833143623
"121",0.0371871794539078,0.00417283020345219,0.0126726065909705
"122",0.00506553591657799,0.00121437064492972,0.00135924439804122
"123",0.021471980153235,0.00154026327701809,0.00305290086503176
"124",0.0375968760564597,0.00159079894014442,0.0128674638205481
"125",0.0190734062085848,0.0011172408410195,0.0131091891385006
"126",0.00993459963290184,0.00116135702366324,0.0149997884636221
"127",0.0267491136527597,0.00101256351625516,0.0239513337968299
"128",0.040418593273712,0.00238097264685316,0.0174233618100103
"129",0.0634728478530986,0.00039100250412365,0.0193301718890089
"130",0.033291199003536,0.00187827584957116,0.015156449552984
"131",0.056599600468885,0.00335303098677434,0.00903714409602884
"132",0.0179270510290085,0.00178156285707394,0.0186236729113723
"133",0.0187368464138143,0.00403111079724825,0.0155122383370025
"134",0.0538212369959093,0.00265462577452748,0.0090327558910208
"135",0.0410676278422014,0.00247288327644628,0.016998837248962
"136",0.101504764949095,0.00283115817193144,0.0123294580411559
"137",0.0520203516976121,0.00564779833175627,0.00569560828666415
"138",0.0599178661222205,0.00471259742081083,0.0125039934385197
"139",0.00772380495676084,0.00329436355260801,0.00537879098717618
"140",0.0304337662886597,0.00508027628867733,0.0169629466114315
"141",0.00698068033646045,0.00226820526458863,0.00907871125369679
"142",0.035261784142143,0.00147479650994906,0.00999357984828859
"143",0.0509866523494917,0.00289961989503455,0.0152811263361356
"144",0.0579849147107145,0.00381059532792646,0.00660062672797818
"145",0.014929563477768,0.0034614835578939,0.00699417234842321
"146",0.0295409240231655,0.00202021238469806,0.0203217876406746
"147",0.0281946535379778,0.00606308237829952,0.0084678130272689
"148",0.0692093602712885,0.00415927860867813,0.0211382858308251
"149",0.0689351659721086,0.00191979677481814,0.0189313048504645
"150",0.0184742862332354,0.00247110316347403,0.00183145087994362
"151",0.12236573120865,0.00142190702361647,0.0192016355092281
"152",0.0163070322550064,0.00492832495886078,0.0220797098056794
"153",0.0404452494385697,0.00370149640849508,0.0103791529454569
"154",0.0817412841588111,0.00181515707744064,0.0206106915011912
"155",0.027207575662226,0.00434285709410975,0.0144370357682582
"156",0.0779626415361255,0.00300820816974682,0.0290173721327114
"157",0.0195612535178946,0.00469121276561626,0.0180087265049309
"158",0.0533591765393305,0.00730857979994004,0.0137265164389841
"159",0.109279073204912,0.00556358663858124,0.0186656441408082
"160",0.0733000398076954,0.00413914095407878,0.0108609040657642
"161",0.00463815116710769,0.00917947324688691,0.00181135749986102
"162",0.0326636483190558,0.00106923389150175,0.0135596332741773
"163",0.0361127602673289,0.00305977860924992,0.0236344629217668
"164",0.0661736976092201,0.00343938800639628,0.0189456840288338
"165",0.0780837850697336,0.00229594572896402,0.0146905905403649
"166",0.0475281833983631,0.0023983009944043,0.0117782995897907
"167",0.0237411033316713,0.00628743465304241,0.00826079418180472
"168",0.0475096752788505,0.00499923543947801,0.0253303479424079
"169",0.00656942504018424,0.00352994923148705,0.0143623637840148
"170",0.0324971178741852,0.00181212432033593,0.0117096167214277
"171",0.00742430269034228,0.00604500883317837,0.00110277446336555
"172",0.017118481698837,0.00473726594409863,0.00678315741511634
"173",0.0190745337948608,0.00173621259301144,0.00380586452348515
"174",0.0462329575149778,0.00473204342979987,0.00808166517848991
"175",0.109793113282116,0.00638168334606099,0.018698265359533
"176",0.0247564378253665,0.0029262862119163,0.0209621624179777
"177",0.0522640082157826,0.00398622432379288,0.00550380490424476
"178",0.0306428747032838,0.00517576902619917,0.0189256686024944
"179",0.0525386577292531,0.00306908477786948,0.00774492825450417
"180",0.0276963974005097,0.00813855736663556,0.00828662388987055
"181",0.0387966407146005,0.00329059423642984,0.0234709506300167
"182",0.0486862197898904,0.00650341620653093,0.0122839572132405
"183",0.0788189686285459,0.00393297894584061,0.00637835593241741
"184",0.00546294610880718,0.00498098188805789,0.0268551458039926
"185",0.0667177623803546,0.00251129706082374,0.024533360664868
"186",0.00605037471054439,0.00576791717742992,0.00141237413017511
"187",0.0140275179262548,0.00243445188141459,0.0187411950156624
"188",0.0237846432508775,0.00280875675195362,0.0208158901191673
"189",0.00838965215318853,0.00847294157176382,0.00290269283090851
"190",0.0965935315216748,0.0115364124447903,0.00614567805813612
"191",0.0252244269544751,0.00193136619985209,0.0111147061210286
"192",0.0461951698207671,0.00589829562678288,0.011122440989511
"193",0.0611677610565438,0.000209085409781607,0.0148230812879371
"194",0.0546744546886039,0.0108098639065955,0.0132426367831677
"195",0.0327010170125079,0.00862212331575405,0.00603367338141926
"196",0.0718372954887627,0.00406970729354948,0.00491204974695815
"197",0.0469434635092065,0.00035118705204892,0.0162809689164686
"198",0.0642267451071647,0.000410202638614398,0.00944354835012389
"199",0.0337419653782421,0.00611653279803109,0.0159594222688413
"200",0.00647995592712436,0.000516668171792011,0.0297261571840633
"201",0.00716484806321474,0.00223308715217857,0.0271025647244361
"202",0.083191950575266,0.00494110198524182,0.0102064473738874
"203",0.0982250200077436,0.00146882015690458,0.00578167995148904
"204",0.0847105890706432,0.00506758608470372,0.00817772541313703
"205",0.0441159292912226,0.00229422228766677,0.0252677410581843
"206",0.0195151957452232,0.00307639182134907,0.0131887102899897
"207",0.0539114216100381,0.000357721514213108,0.00612295371093228
"208",0.00736451334833624,0.00322870222001338,0.00511191308882783
"209",0.0357513791533454,0.00129083930071393,0.000978884606136833
"210",0.0464643561429082,0.00381894978287438,0.0210673244124474
"211",0.0878118426689962,0.00445482508180988,0.0197560895764612
"212",0.0562527724239477,0.00365638230889176,0.0198674753217937
"213",0.111013487516075,0.0107951879374007,0.0207517613999571
"214",0.0593326333646283,0.00134918805748491,0.0129092615283681
"215",0.108018270438016,0.00393330566793202,0.0093337263090629
"216",0.0383565661570521,0.00774561199580289,0.0148774130853115
"217",0.0385615791364755,0.00257873613146045,0.00916955347854034
"218",0.0334971946361996,0.000449198684338866,0.0179067324439684
"219",0.0651394464633498,0.000384930081367495,0.00793627990296418
"220",0.102906282825012,0.00462793245730226,0.0180617252896303
"221",0.131212689125125,0.00836810904320203,0.0328243987909141
"222",0.0840077980986369,0.00863541954459521,0.010764879715764
"223",0.0632541881593075,0.00314686667666574,0.00807973646943144
"224",0.0479689838142443,0.000550619955073856,0.00929423201344008
"225",0.0997324962098634,0.00346003468408094,0.0091531657779886
"226",0.0343432595244401,0.00455313654108164,0.0195399055112776
"227",0.0217650096929042,0.00494899716599428,0.0171361224045797
"228",0.0610505667417408,0.00216462043460332,0.0203250995087892
"229",0.0614178568248054,0.00313339271110626,0.0156558658552441
"230",0.0311552757095775,0.000231521304659705,0.0130110148129765
"231",0.0453365629676422,0.00292811929661055,0.0208733878386702
"232",0.0671302310534466,0.00404242958259411,0.016088083844778
"233",0.0353519355606933,0.0022281935052851,0.0173839353851827
"234",0.0417396034274142,0.00398804524405921,0.0101921122829203
"235",0.0693722308400175,0.00604574462414628,0.0187956772504486
"236",0.0439382157694369,0.0100905334567781,0.00871316855366503
"237",0.0299055450617773,0.00391008366840057,0.010980147010191
"238",0.0367629143996974,0.00396592395475897,0.0240793405107608
"239",0.0495582703654384,0.00382485164186944,0.0229678439584617
"240",0.029152341027041,0.00563538360167964,0.0252020497128538
"241",0.0375024069285658,0.00554336639225103,0.0200945813115986
"242",0.00486952756400889,0.00424147921726096,0.00990530056659268
"243",0.00396265005572983,0.00279772880137309,0.0176502090347959
"244",0.00513926874048007,0.00310809267949055,0.0109443965518833
"245",0.0990115790594743,0.00374054896868567,0.00130294557795088
"246",0.00521298825055273,0.00312503008023745,0.00224703086972482
"247",0.0623935015503455,0.00204360043478617,0.018912763843097
"248",0.113643985425554,0.00499966206483521,0.0150773244846585
"249",0.019982305987095,0.00246290284749444,0.0107636694157968
"250",0.0630065807757703,0.00268452508270271,0.00512267643225174
"251",0.106395947544711,0.00254722930640089,0.0121499636963489
"252",0.0151595155816547,0.00143637616072705,0.00547034281065075
"253",0.0525910964101635,0.0013639570044151,0.0136676241108533
"254",0.0193197370855106,0.00631261758933271,0.0282128332282881
"255",0.0265626928425048,0.00448831692968949,0.00971869118789462
"256",0.0271683791646013,0.000845800275065518,0.0131410037553562
"257",0.0457733240369254,0.00193357435244004,0.0067933803017199
"258",0.0505101982078948,0.00481733559066244,0.0169537707394417
"259",0.0834238149317344,0.000278914695298035,0.0218243342095622
"260",0.105425201657475,0.00553766351192106,0.00765675950624007
"261",0.00357378813618369,0.00296080220867416,0.00866244234173682
"262",0.0159439252094981,0.000363342372009411,0.00630730679752819
"263",0.0393894874855464,0.00185455198194568,0.00956644670475381
"264",0.0644299575248074,0.00175803668937818,0.00935872032971331
"265",0.0271134271229948,0.000326599988718631,0.0336080066544115
"266",0.0273137833606377,0.000460792524039668,0.00763577507045465
"267",0.0521312125022911,0.00114482210859018,0.0142489560240593
"268",0.0869235449084906,0.00582321575401084,0.0125331241690359
"269",0.0648170989857846,0.00295632137284784,0.0171599537670267
"270",0.0348808362161497,0.000471538120979471,0.00889241473955289
"271",0.0548653576181226,0.00209348491368863,0.00162767804035102
"272",0.0792410786814644,0.00458022005114605,0.0194546895838038
"273",0.0116261139953939,0.0029332214792666,0.0238336793925143
"274",0.0596978877070759,0.00464472540528312,0.00839383538807139
"275",0.0657247489212198,0.00606019103842576,0.008030327870924
"276",0.0296595049886317,0.00423235502114534,0.0195456690940917
"277",0.0516378281910658,0.00198258674803685,0.0102031121014315
"278",0.00340893891452907,0.00420586749592996,0.0163474122591106
"279",0.0218128466782779,0.00288731446344127,0.0156612392367396
"280",0.0241363761844544,0.00178734202447228,0.0111769747976493
"281",0.0535474177385225,0.00478185080077212,0.0164443756840216
"282",0.0400575232437937,0.00252678386069049,0.0153390497915899
"283",0.0280307548376529,0.00563900952951318,0.0160291475143027
"284",0.013931109044844,0.000259279358815121,0.00879559133392233
"285",0.0763620417066329,0.000529003975354789,0.0155195096345189
"286",0.0153142957558132,0.00592733223093869,0.00498804243325921
"287",0.0468763106174476,0.00630113405218166,0.00757029896039628
"288",0.0121222283070148,0.00312358094263914,0.0114643789488531
"289",0.0215097286496009,0.000488082159874365,0.0120179169841536
"290",0.0917114329719663,0.00119642615719548,0.00162695156738397
"291",0.0137615056249603,0.00340645680022038,0.0083972545130276
"292",0.00739479818433926,0.00101143091690816,0.0308984846845438
"293",0.0480718334967122,0.00233572278923509,0.0182591146584578
"294",0.0297212844513302,0.00216405646395303,0.0059991068953787
"295",0.0775465968712238,0.000609128490055988,0.00569374236757408
"296",0.0103394295779066,0.00563749444214462,0.00416432915588751
"297",0.0169236276327732,0.00236130995001747,0.0148416505258275
"298",0.013946323234236,0.00277526602820824,0.0219273776352184
"299",0.0104855956596252,0.00342222085323681,0.0128835708268653
"300",0.0350206702766622,0.000326250578974746,0.0316262823646485
"301",0.0437217600998703,0.00293028490251152,0.00430134279886932
"302",0.0286794605458426,0.00273833186647149,0.0167807394925353
"303",0.0145901914896632,0.00302363113805337,0.0137427451812711
"304",0.099339048679024,0.00177007890131274,0.00822906452997939
"305",0.0266234574486082,0.00232136926025011,0.00383923349078582
"306",0.0357672543864358,0.00154318837845574,0.0079907344975683
"307",0.10885366390222,0.0018671552744315,0.00613545289363485
"308",0.0406405562677891,0.00741726615129308,0.0192394000583476
"309",0.0551189011936408,0.0050689799581294,0.00237316030190756
"310",0.0033050099129209,0.00428875694560831,0.0144773358212233
"311",0.00912605651290502,0.00506479754047014,0.0188789346163547
"312",0.0510635386869639,0.000887418366479114,0.00566253923293287
"313",0.0393026304493057,0.00332020313841328,0.0118662949500401
"314",0.00660113276316709,0.0060221312920416,0.00871026600349627
"315",0.0134385873683291,0.00210912989719465,0.0185891434686904
"316",0.0193306453094743,0.000654314716944211,0.0346926830974865
"317",0.032664881303111,0.0030941947339407,0.0178155065721344
"318",0.0571494817640923,0.000746189179893714,0.0089577034778472
"319",0.0372926637236341,0.00438785606257433,0.0153877542168184
"320",0.0033397312352168,0.00294365886369577,0.00372514701091963
"321",0.0191179294064032,0.00231483746581758,0.00581492731838667
"322",0.0168241760801359,0.00159538823377807,0.0219624237624404
"323",0.032556341789402,0.00274816293925469,0.0118257517403929
"324",0.0249325621783686,0.00197798417264612,0.0110728055687983
"325",0.0112599004831877,0.00152674205521919,0.00683549860686028
"326",0.0225460513157818,0.000259009543396601,0.00467603080013122
"327",0.00492680242201001,0.00322825032101731,0.0053664911247558
"328",0.00965709365058628,0.00146303664673177,0.0274204289653462
"329",0.0393051517229412,0.00186472136828582,0.00732976930542945
"330",0.0520907294099428,0.00144346500515446,0.0037573641149245
"331",0.0400927512058966,0.00306712122645326,0.00583906128424794
"332",0.0271675591312095,0.00238085563715238,0.0110438471232465
"333",0.0479390922038596,0.00453567601316669,0.021596719994427
"334",0.103314594473396,0.00672365849419671,0.0133871338811305
"335",0.0063948469464263,0.00443632674708902,0.01711392911701
"336",0.024895280640123,0.000229540130358283,0.0112763949545685
"337",0.00692293296145569,0.00498573323043464,0.0112374886252512
"338",0.0448974040142664,0.000453600364687381,0.00399929895682517
"339",0.0175859832163594,0.00145919049908625,0.00905130845739462
"340",0.0509200657642984,0.00049022500832473,0.00864246089501684
"341",0.0199058042079416,0.00352565777688705,0.00310178328990137
"342",0.0161251011379817,0.00270710489787599,0.00382341807778768
"343",0.028288989116306,0.000437010255686329,0.0141888206392217
"344",0.0475946628334855,0.00041634653365658,0.0145605649448057
"345",0.032634084474861,0.000627422699505639,0.0349487243777359
"346",0.0423908513249529,0.0014683108437315,0.0223764551794274
"347",0.0140208079617098,0.00653451660378638,0.001424096504701
"348",0.0147366006527513,0.00529760443935932,0.00222500201044512
"349",0.0207081886462774,0.0017619003744163,0.0273038891827629
"350",0.037164240553804,0.0020161999459921,0.0142221926105916
"351",0.00858954783968676,0.000828817029074946,0.0143442185055007
"352",0.0230190865949809,0.000552800963611003,0.00755724936879519
"353",0.0302821314794042,0.000444461198520886,0.00318091261481975
"354",0.0449557794880678,0.00309645115527577,0.0138724591923036
"355",0.0559383739173543,0.00666770781397556,0.0115183786134981
"356",0.00988773922686368,0.00252019847321033,0.0117032495421819
"357",0.0214425297805399,0.00177233550268784,0.00913167862180011
"358",0.00668781275616661,0.00429743922384354,0.00204996660849944
"359",0.0293287464944409,0.00321220015042168,0.00834603639701398
"360",0.0300536963528954,0.00142452008799992,0.0133682128026607
"361",0.0400822972095446,0.00132171165966846,0.0114449471041912
"362",0.0973813980876866,0.00123919776128476,0.00247767913192543
"363",0.0309723942372538,0.000505474957596073,0.0170480677138461
"364",0.03322616172147,0.00221925672177414,0.0173324884912976
"365",0.0173346965517456,0.00168318744142539,0.0131529900717122
"366",0.020549401995243,0.00153793809637512,0.00243038443885006
