DAY HR    LAT     LON CO2 10000
 33  0  38.29  -96.82  0.19E-08
 33  0  38.34  -96.82  0.14E-08
 33  0  38.44  -96.82  0.13E-08
 33  0  38.49  -96.82  0.13E-08
 33  0  38.24  -96.77  0.28E-08
 33  0  38.29  -96.77  0.71E-08
 33  0  38.34  -96.77  0.10E-08
 33  0  38.39  -96.77  0.14E-08
 33  0  38.44  -96.77  0.66E-08
 33  0  38.49  -96.77  0.46E-08
 33  0  38.54  -96.77  0.21E-08
 33  0  38.19  -96.72  0.96E-09
 33  0  38.24  -96.72  0.96E-09
 33  0  38.29  -96.72  0.22E-08
 33  0  38.34  -96.72  0.32E-08
 33  0  38.39  -96.72  0.33E-08
 33  0  38.44  -96.72  0.83E-08
 33  0  38.49  -96.72  0.47E-08
 33  0  38.19  -96.67  0.18E-08
 33  0  38.24  -96.67  0.58E-09
 33  0  38.29  -96.67  0.26E-08
 33  0  38.34  -96.67  0.18E-08
 33  0  38.39  -96.67  0.13E-07
 33  0  38.44  -96.67  0.60E-08
 33  0  38.19  -96.62  0.64E-09
 33  0  38.24  -96.62  0.12E-08
 33  0  38.29  -96.62  0.13E-08
 33  0  38.34  -96.62  0.69E-08
 33  0  38.39  -96.62  0.45E-08
 33  0  38.44  -96.62  0.98E-09
 33  0  38.49  -96.62  0.21E-08
 33  0  38.54  -96.62  0.15E-08
 33  0  38.59  -96.62  0.25E-08
 33  0  38.64  -96.62  0.77E-08
 33  0  38.69  -96.62  0.34E-08
 33  0  38.74  -96.62  0.57E-09
 33  0  38.19  -96.57  0.13E-08
 33  0  38.24  -96.57  0.33E-08
 33  0  38.29  -96.57  0.45E-08
 33  0  38.34  -96.57  0.11E-07
 33  0  38.39  -96.57  0.34E-08
 33  0  38.44  -96.57  0.13E-08
 33  0  38.49  -96.57  0.35E-08
 33  0  38.54  -96.57  0.15E-08
 33  0  38.19  -96.52  0.19E-08
 33  0  38.24  -96.52  0.65E-08
 33  0  38.29  -96.52  0.61E-08
 33  0  38.34  -96.52  0.36E-08
 33  0  38.39  -96.52  0.11E-07
 33  0  38.44  -96.52  0.51E-08
 33  0  38.49  -96.52  0.84E-08
 33  0  38.19  -96.47  0.12E-08
 33  0  38.24  -96.47  0.18E-08
 33  0  38.29  -96.47  0.11E-08
 33  0  38.34  -96.47  0.51E-08
 33  0  38.39  -96.47  0.31E-08
 33  0  38.44  -96.47  0.52E-08
 33  0  38.49  -96.47  0.21E-07
 33  0  38.54  -96.47  0.12E-07
 33  0  38.59  -96.47  0.15E-08
 33  0  38.64  -96.47  0.82E-09
 33  0  38.69  -96.47  0.16E-08
 33  0  38.09  -96.42  0.12E-08
 33  0  38.19  -96.42  0.21E-08
 33  0  38.24  -96.42  0.80E-08
 33  0  38.29  -96.42  0.36E-08
 33  0  38.34  -96.42  0.70E-08
 33  0  38.39  -96.42  0.14E-07
 33  0  38.44  -96.42  0.51E-08
 33  0  38.49  -96.42  0.70E-08
 33  0  38.54  -96.42  0.11E-07
 33  0  38.59  -96.42  0.29E-08
 33  0  38.64  -96.42  0.15E-08
 33  0  38.09  -96.37  0.11E-08
 33  0  38.14  -96.37  0.88E-09
 33  0  38.19  -96.37  0.96E-09
 33  0  38.24  -96.37  0.64E-08
 33  0  38.29  -96.37  0.29E-08
 33  0  38.34  -96.37  0.32E-08
 33  0  38.39  -96.37  0.38E-08
 33  0  38.44  -96.37  0.72E-08
 33  0  38.49  -96.37  0.70E-08
 33  0  38.54  -96.37  0.48E-08
 33  0  38.59  -96.37  0.46E-08
 33  0  38.64  -96.37  0.10E-07
 33  0  38.69  -96.37  0.46E-08
 33  0  38.14  -96.32  0.48E-09
 33  0  38.19  -96.32  0.17E-08
 33  0  38.24  -96.32  0.41E-08
 33  0  38.29  -96.32  0.31E-08
 33  0  38.34  -96.32  0.41E-08
 33  0  38.39  -96.32  0.16E-08
 33  0  38.44  -96.32  0.21E-07
 33  0  38.49  -96.32  0.34E-08
 33  0  38.54  -96.32  0.39E-08
 33  0  38.64  -96.32  0.25E-08
 33  0  38.69  -96.32  0.11E-08
 33  0  38.19  -96.27  0.19E-08
 33  0  38.24  -96.27  0.19E-08
 33  0  38.29  -96.27  0.67E-08
 33  0  38.34  -96.27  0.59E-08
 33  0  38.39  -96.27  0.32E-08
 33  0  38.44  -96.27  0.14E-07
 33  0  38.49  -96.27  0.39E-08
 33  0  38.54  -96.27  0.41E-08
 33  0  38.69  -96.27  0.17E-08
 33  0  38.19  -96.22  0.31E-08
 33  0  38.24  -96.22  0.20E-08
 33  0  38.29  -96.22  0.65E-08
 33  0  38.34  -96.22  0.55E-08
 33  0  38.39  -96.22  0.12E-07
 33  0  38.44  -96.22  0.10E-07
 33  0  38.49  -96.22  0.70E-08
 33  0  38.54  -96.22  0.40E-08
 33  0  37.84  -96.17  0.12E-09
 33  0  38.14  -96.17  0.62E-09
 33  0  38.19  -96.17  0.37E-08
 33  0  38.24  -96.17  0.11E-08
 33  0  38.29  -96.17  0.11E-07
 33  0  38.34  -96.17  0.99E-08
 33  0  38.39  -96.17  0.25E-07
 33  0  38.44  -96.17  0.20E-07
 33  0  38.49  -96.17  0.19E-07
 33  0  38.54  -96.17  0.21E-07
 33  0  38.59  -96.17  0.20E-07
 33  0  38.64  -96.17  0.11E-08
 33  0  37.84  -96.12  0.25E-09
 33  0  37.89  -96.12  0.62E-09
 33  0  38.09  -96.12  0.29E-09
 33  0  38.14  -96.12  0.21E-08
 33  0  38.19  -96.12  0.45E-08
 33  0  38.24  -96.12  0.52E-08
 33  0  38.29  -96.12  0.12E-07
 33  0  38.34  -96.12  0.16E-07
 33  0  38.39  -96.12  0.14E-07
 33  0  38.44  -96.12  0.18E-07
 33  0  38.49  -96.12  0.28E-07
 33  0  38.54  -96.12  0.32E-07
 33  0  38.59  -96.12  0.11E-07
 33  0  38.64  -96.12  0.88E-08
 33  0  38.69  -96.12  0.15E-08
 33  0  39.14  -96.12  0.50E-09
 33  0  39.19  -96.12  0.67E-08
 33  0  39.24  -96.12  0.49E-07
 33  0  39.29  -96.12  0.18E-05
 33  0  37.89  -96.07  0.62E-09
 33  0  38.14  -96.07  0.15E-08
 33  0  38.19  -96.07  0.32E-08
 33  0  38.24  -96.07  0.51E-08
 33  0  38.29  -96.07  0.56E-08
 33  0  38.34  -96.07  0.23E-07
 33  0  38.39  -96.07  0.21E-07
 33  0  38.44  -96.07  0.30E-07
 33  0  38.49  -96.07  0.39E-07
 33  0  38.54  -96.07  0.36E-07
 33  0  38.59  -96.07  0.37E-07
 33  0  38.64  -96.07  0.27E-07
 33  0  38.69  -96.07  0.21E-07
 33  0  38.74  -96.07  0.99E-08
 33  0  38.79  -96.07  0.62E-08
 33  0  38.84  -96.07  0.52E-08
 33  0  38.89  -96.07  0.32E-08
 33  0  38.94  -96.07  0.29E-08
 33  0  38.99  -96.07  0.11E-07
 33  0  39.04  -96.07  0.13E-07
 33  0  39.09  -96.07  0.28E-07
 33  0  39.14  -96.07  0.52E-07
 33  0  39.19  -96.07  0.33E-06
 33  0  39.24  -96.07  0.21E-05
 33  0  39.29  -96.07  0.20E-05
 33  0  39.34  -96.07  0.10E-06
 33  0  37.84  -96.02  0.16E-09
 33  0  37.89  -96.02  0.81E-09
 33  0  37.94  -96.02  0.12E-09
 33  0  38.04  -96.02  0.28E-09
 33  0  38.09  -96.02  0.51E-09
 33  0  38.14  -96.02  0.28E-08
 33  0  38.19  -96.02  0.48E-08
 33  0  38.24  -96.02  0.94E-08
 33  0  38.29  -96.02  0.11E-07
 33  0  38.34  -96.02  0.18E-07
 33  0  38.39  -96.02  0.23E-07
 33  0  38.44  -96.02  0.33E-07
 33  0  38.49  -96.02  0.36E-07
 33  0  38.54  -96.02  0.55E-07
 33  0  38.59  -96.02  0.49E-07
 33  0  38.64  -96.02  0.40E-07
 33  0  38.69  -96.02  0.42E-07
 33  0  38.74  -96.02  0.41E-07
 33  0  38.79  -96.02  0.34E-07
 33  0  38.84  -96.02  0.28E-07
 33  0  38.89  -96.02  0.19E-07
 33  0  38.94  -96.02  0.24E-07
 33  0  38.99  -96.02  0.43E-07
 33  0  39.04  -96.02  0.53E-07
 33  0  39.09  -96.02  0.11E-06
 33  0  39.14  -96.02  0.42E-06
 33  0  39.19  -96.02  0.14E-05
 33  0  39.24  -96.02  0.11E-05
 33  0  39.29  -96.02  0.53E-06
 33  0  39.34  -96.02  0.57E-06
 33  0  39.39  -96.02  0.58E-08
 33  0  37.94  -95.97  0.98E-09
 33  0  37.99  -95.97  0.20E-09
 33  0  38.09  -95.97  0.59E-10
 33  0  38.14  -95.97  0.13E-08
 33  0  38.19  -95.97  0.41E-08
 33  0  38.24  -95.97  0.47E-08
 33  0  38.29  -95.97  0.11E-07
 33  0  38.34  -95.97  0.22E-07
 33  0  38.39  -95.97  0.15E-07
 33  0  38.44  -95.97  0.20E-07
 33  0  38.49  -95.97  0.41E-07
 33  0  38.54  -95.97  0.50E-07
 33  0  38.59  -95.97  0.49E-07
 33  0  38.64  -95.97  0.52E-07
 33  0  38.69  -95.97  0.50E-07
 33  0  38.74  -95.97  0.55E-07
 33  0  38.79  -95.97  0.55E-07
 33  0  38.84  -95.97  0.54E-07
 33  0  38.89  -95.97  0.64E-07
 33  0  38.94  -95.97  0.65E-07
 33  0  38.99  -95.97  0.91E-07
 33  0  39.04  -95.97  0.17E-06
 33  0  39.09  -95.97  0.45E-06
 33  0  39.14  -95.97  0.10E-05
 33  0  39.19  -95.97  0.84E-06
 33  0  39.24  -95.97  0.28E-06
 33  0  39.29  -95.97  0.29E-06
 33  0  39.34  -95.97  0.56E-06
 33  0  39.39  -95.97  0.77E-07
 33  0  39.44  -95.97  0.37E-08
 33  0  37.94  -95.92  0.41E-09
 33  0  37.99  -95.92  0.55E-09
 33  0  38.04  -95.92  0.27E-09
 33  0  38.09  -95.92  0.10E-09
 33  0  38.14  -95.92  0.61E-09
 33  0  38.19  -95.92  0.49E-08
 33  0  38.24  -95.92  0.54E-08
 33  0  38.29  -95.92  0.13E-07
 33  0  38.34  -95.92  0.13E-07
 33  0  38.39  -95.92  0.17E-07
 33  0  38.44  -95.92  0.40E-07
 33  0  38.49  -95.92  0.36E-07
 33  0  38.54  -95.92  0.47E-07
 33  0  38.59  -95.92  0.58E-07
 33  0  38.64  -95.92  0.45E-07
 33  0  38.69  -95.92  0.46E-07
 33  0  38.74  -95.92  0.66E-07
 33  0  38.79  -95.92  0.69E-07
 33  0  38.84  -95.92  0.75E-07
 33  0  38.89  -95.92  0.90E-07
 33  0  38.94  -95.92  0.13E-06
 33  0  38.99  -95.92  0.19E-06
 33  0  39.04  -95.92  0.40E-06
 33  0  39.09  -95.92  0.65E-06
 33  0  39.14  -95.92  0.63E-06
 33  0  39.19  -95.92  0.28E-06
 33  0  39.24  -95.92  0.17E-06
 33  0  39.29  -95.92  0.20E-06
 33  0  39.34  -95.92  0.43E-06
 33  0  39.39  -95.92  0.20E-06
 33  0  39.44  -95.92  0.25E-07
 33  0  39.49  -95.92  0.11E-08
 33  0  37.99  -95.87  0.62E-09
 33  0  38.09  -95.87  0.30E-09
 33  0  38.19  -95.87  0.14E-08
 33  0  38.24  -95.87  0.11E-07
 33  0  38.29  -95.87  0.16E-07
 33  0  38.34  -95.87  0.15E-07
 33  0  38.39  -95.87  0.24E-07
 33  0  38.44  -95.87  0.32E-07
 33  0  38.49  -95.87  0.33E-07
 33  0  38.54  -95.87  0.46E-07
 33  0  38.59  -95.87  0.41E-07
 33  0  38.64  -95.87  0.48E-07
 33  0  38.69  -95.87  0.48E-07
 33  0  38.74  -95.87  0.56E-07
 33  0  38.79  -95.87  0.62E-07
 33  0  38.84  -95.87  0.95E-07
 33  0  38.89  -95.87  0.13E-06
 33  0  38.94  -95.87  0.20E-06
 33  0  38.99  -95.87  0.33E-06
 33  0  39.04  -95.87  0.47E-06
 33  0  39.09  -95.87  0.45E-06
 33  0  39.14  -95.87  0.27E-06
 33  0  39.19  -95.87  0.14E-06
 33  0  39.24  -95.87  0.13E-06
 33  0  39.29  -95.87  0.18E-06
 33  0  39.34  -95.87  0.30E-06
 33  0  39.39  -95.87  0.25E-06
 33  0  39.44  -95.87  0.66E-07
 33  0  39.49  -95.87  0.10E-07
 33  0  37.89  -95.82  0.16E-09
 33  0  37.94  -95.82  0.11E-09
 33  0  37.99  -95.82  0.31E-09
 33  0  38.04  -95.82  0.48E-09
 33  0  38.09  -95.82  0.45E-09
 33  0  38.14  -95.82  0.80E-09
 33  0  38.19  -95.82  0.23E-08
 33  0  38.24  -95.82  0.42E-08
 33  0  38.29  -95.82  0.10E-07
 33  0  38.34  -95.82  0.77E-08
 33  0  38.39  -95.82  0.15E-07
 33  0  38.44  -95.82  0.27E-07
 33  0  38.49  -95.82  0.39E-07
 33  0  38.54  -95.82  0.42E-07
 33  0  38.59  -95.82  0.51E-07
 33  0  38.64  -95.82  0.55E-07
 33  0  38.69  -95.82  0.51E-07
 33  0  38.74  -95.82  0.68E-07
 33  0  38.79  -95.82  0.86E-07
 33  0  38.84  -95.82  0.12E-06
 33  0  38.89  -95.82  0.18E-06
 33  0  38.94  -95.82  0.25E-06
 33  0  38.99  -95.82  0.34E-06
 33  0  39.04  -95.82  0.33E-06
 33  0  39.09  -95.82  0.24E-06
 33  0  39.14  -95.82  0.12E-06
 33  0  39.19  -95.82  0.99E-07
 33  0  39.24  -95.82  0.10E-06
 33  0  39.29  -95.82  0.16E-06
 33  0  39.34  -95.82  0.24E-06
 33  0  39.39  -95.82  0.25E-06
 33  0  39.44  -95.82  0.12E-06
 33  0  39.49  -95.82  0.29E-07
 33  0  39.54  -95.82  0.11E-08
 33  0  37.94  -95.77  0.37E-09
 33  0  37.99  -95.77  0.53E-10
 33  0  38.04  -95.77  0.11E-08
 33  0  38.09  -95.77  0.59E-09
 33  0  38.14  -95.77  0.15E-08
 33  0  38.19  -95.77  0.20E-08
 33  0  38.24  -95.77  0.65E-08
 33  0  38.29  -95.77  0.71E-08
 33  0  38.34  -95.77  0.13E-07
 33  0  38.39  -95.77  0.26E-07
 33  0  38.44  -95.77  0.25E-07
 33  0  38.49  -95.77  0.32E-07
 33  0  38.54  -95.77  0.50E-07
 33  0  38.59  -95.77  0.57E-07
 33  0  38.64  -95.77  0.65E-07
 33  0  38.69  -95.77  0.82E-07
 33  0  38.74  -95.77  0.78E-07
 33  0  38.79  -95.77  0.12E-06
 33  0  38.84  -95.77  0.18E-06
 33  0  38.89  -95.77  0.20E-06
 33  0  38.94  -95.77  0.25E-06
 33  0  38.99  -95.77  0.26E-06
 33  0  39.04  -95.77  0.18E-06
 33  0  39.09  -95.77  0.12E-06
 33  0  39.14  -95.77  0.92E-07
 33  0  39.19  -95.77  0.89E-07
 33  0  39.24  -95.77  0.89E-07
 33  0  39.29  -95.77  0.14E-06
 33  0  39.34  -95.77  0.20E-06
 33  0  39.39  -95.77  0.22E-06
 33  0  39.44  -95.77  0.15E-06
 33  0  39.49  -95.77  0.43E-07
 33  0  39.54  -95.77  0.74E-08
 33  0  37.99  -95.72  0.37E-09
 33  0  38.09  -95.72  0.15E-08
 33  0  38.14  -95.72  0.34E-09
 33  0  38.19  -95.72  0.31E-08
 33  0  38.24  -95.72  0.34E-08
 33  0  38.29  -95.72  0.88E-08
 33  0  38.34  -95.72  0.18E-07
 33  0  38.39  -95.72  0.23E-07
 33  0  38.44  -95.72  0.25E-07
 33  0  38.49  -95.72  0.36E-07
 33  0  38.54  -95.72  0.54E-07
 33  0  38.59  -95.72  0.65E-07
 33  0  38.64  -95.72  0.62E-07
 33  0  38.69  -95.72  0.81E-07
 33  0  38.74  -95.72  0.11E-06
 33  0  38.79  -95.72  0.13E-06
 33  0  38.84  -95.72  0.16E-06
 33  0  38.89  -95.72  0.20E-06
 33  0  38.94  -95.72  0.19E-06
 33  0  38.99  -95.72  0.15E-06
 33  0  39.04  -95.72  0.11E-06
 33  0  39.09  -95.72  0.92E-07
 33  0  39.14  -95.72  0.77E-07
 33  0  39.19  -95.72  0.73E-07
 33  0  39.24  -95.72  0.90E-07
 33  0  39.29  -95.72  0.12E-06
 33  0  39.34  -95.72  0.16E-06
 33  0  39.39  -95.72  0.20E-06
 33  0  39.44  -95.72  0.16E-06
 33  0  39.49  -95.72  0.67E-07
 33  0  39.54  -95.72  0.14E-07
 33  0  37.79  -95.67  0.72E-10
 33  0  37.84  -95.67  0.18E-09
 33  0  37.89  -95.67  0.72E-10
 33  0  37.99  -95.67  0.10E-09
 33  0  38.04  -95.67  0.95E-09
 33  0  38.09  -95.67  0.73E-09
 33  0  38.14  -95.67  0.16E-08
 33  0  38.19  -95.67  0.19E-08
 33  0  38.24  -95.67  0.27E-08
 33  0  38.29  -95.67  0.73E-08
 33  0  38.34  -95.67  0.20E-07
 33  0  38.39  -95.67  0.26E-07
 33  0  38.44  -95.67  0.32E-07
 33  0  38.49  -95.67  0.54E-07
 33  0  38.54  -95.67  0.66E-07
 33  0  38.59  -95.67  0.71E-07
 33  0  38.64  -95.67  0.81E-07
 33  0  38.69  -95.67  0.12E-06
 33  0  38.74  -95.67  0.12E-06
 33  0  38.79  -95.67  0.13E-06
 33  0  38.84  -95.67  0.16E-06
 33  0  38.89  -95.67  0.13E-06
 33  0  38.94  -95.67  0.12E-06
 33  0  38.99  -95.67  0.85E-07
 33  0  39.04  -95.67  0.86E-07
 33  0  39.09  -95.67  0.67E-07
 33  0  39.14  -95.67  0.66E-07
 33  0  39.19  -95.67  0.67E-07
 33  0  39.24  -95.67  0.87E-07
 33  0  39.29  -95.67  0.11E-06
 33  0  39.34  -95.67  0.14E-06
 33  0  39.39  -95.67  0.17E-06
 33  0  39.44  -95.67  0.15E-06
 33  0  39.49  -95.67  0.81E-07
 33  0  39.54  -95.67  0.17E-07
 33  0  39.59  -95.67  0.30E-08
 33  0  37.89  -95.62  0.14E-09
 33  0  37.94  -95.62  0.14E-09
 33  0  38.09  -95.62  0.61E-09
 33  0  38.14  -95.62  0.31E-08
 33  0  38.19  -95.62  0.27E-08
 33  0  38.24  -95.62  0.63E-08
 33  0  38.29  -95.62  0.90E-08
 33  0  38.34  -95.62  0.13E-07
 33  0  38.39  -95.62  0.22E-07
 33  0  38.44  -95.62  0.30E-07
 33  0  38.49  -95.62  0.42E-07
 33  0  38.54  -95.62  0.57E-07
 33  0  38.59  -95.62  0.66E-07
 33  0  38.64  -95.62  0.85E-07
 33  0  38.69  -95.62  0.94E-07
 33  0  38.74  -95.62  0.94E-07
 33  0  38.79  -95.62  0.11E-06
 33  0  38.84  -95.62  0.10E-06
 33  0  38.89  -95.62  0.98E-07
 33  0  38.94  -95.62  0.92E-07
 33  0  38.99  -95.62  0.55E-07
 33  0  39.04  -95.62  0.73E-07
 33  0  39.09  -95.62  0.58E-07
 33  0  39.14  -95.62  0.59E-07
 33  0  39.19  -95.62  0.58E-07
 33  0  39.24  -95.62  0.79E-07
 33  0  39.29  -95.62  0.10E-06
 33  0  39.34  -95.62  0.12E-06
 33  0  39.39  -95.62  0.15E-06
 33  0  39.44  -95.62  0.15E-06
 33  0  39.49  -95.62  0.93E-07
 33  0  39.54  -95.62  0.24E-07
 33  0  39.59  -95.62  0.79E-08
 33  0  39.64  -95.62  0.33E-09
 33  0  37.94  -95.57  0.36E-10
 33  0  37.99  -95.57  0.19E-09
 33  0  38.04  -95.57  0.12E-09
 33  0  38.14  -95.57  0.31E-09
 33  0  38.19  -95.57  0.12E-08
 33  0  38.24  -95.57  0.39E-08
 33  0  38.29  -95.57  0.52E-08
 33  0  38.34  -95.57  0.14E-07
 33  0  38.39  -95.57  0.15E-07
 33  0  38.44  -95.57  0.30E-07
 33  0  38.49  -95.57  0.32E-07
 33  0  38.54  -95.57  0.55E-07
 33  0  38.59  -95.57  0.47E-07
 33  0  38.64  -95.57  0.66E-07
 33  0  38.69  -95.57  0.64E-07
 33  0  38.74  -95.57  0.64E-07
 33  0  38.79  -95.57  0.78E-07
 33  0  38.84  -95.57  0.73E-07
 33  0  38.89  -95.57  0.69E-07
 33  0  38.94  -95.57  0.74E-07
 33  0  38.99  -95.57  0.42E-07
 33  0  39.04  -95.57  0.61E-07
 33  0  39.09  -95.57  0.56E-07
 33  0  39.14  -95.57  0.58E-07
 33  0  39.19  -95.57  0.53E-07
 33  0  39.24  -95.57  0.82E-07
 33  0  39.29  -95.57  0.79E-07
 33  0  39.34  -95.57  0.11E-06
 33  0  39.39  -95.57  0.14E-06
 33  0  39.44  -95.57  0.14E-06
 33  0  39.49  -95.57  0.96E-07
 33  0  39.54  -95.57  0.32E-07
 33  0  39.59  -95.57  0.73E-08
 33  0  39.64  -95.57  0.25E-08
 33  0  38.04  -95.52  0.12E-09
 33  0  38.09  -95.52  0.38E-09
 33  0  38.14  -95.52  0.86E-09
 33  0  38.19  -95.52  0.21E-08
 33  0  38.24  -95.52  0.45E-08
 33  0  38.29  -95.52  0.34E-08
 33  0  38.34  -95.52  0.81E-08
 33  0  38.39  -95.52  0.13E-07
 33  0  38.44  -95.52  0.17E-07
 33  0  38.49  -95.52  0.19E-07
 33  0  38.54  -95.52  0.22E-07
 33  0  38.59  -95.52  0.30E-07
 33  0  38.64  -95.52  0.35E-07
 33  0  38.69  -95.52  0.34E-07
 33  0  38.74  -95.52  0.49E-07
 33  0  38.79  -95.52  0.57E-07
 33  0  38.84  -95.52  0.61E-07
 33  0  38.89  -95.52  0.55E-07
 33  0  38.94  -95.52  0.49E-07
 33  0  38.99  -95.52  0.50E-07
 33  0  39.04  -95.52  0.57E-07
 33  0  39.09  -95.52  0.52E-07
 33  0  39.14  -95.52  0.60E-07
 33  0  39.19  -95.52  0.44E-07
 33  0  39.24  -95.52  0.74E-07
 33  0  39.29  -95.52  0.80E-07
 33  0  39.34  -95.52  0.98E-07
 33  0  39.39  -95.52  0.12E-06
 33  0  39.44  -95.52  0.11E-06
 33  0  39.49  -95.52  0.95E-07
 33  0  39.54  -95.52  0.39E-07
 33  0  39.59  -95.52  0.67E-08
 33  0  39.64  -95.52  0.30E-08
 33  0  39.69  -95.52  0.60E-09
 33  0  38.14  -95.47  0.39E-10
 33  0  38.19  -95.47  0.27E-09
 33  0  38.24  -95.47  0.93E-09
 33  0  38.29  -95.47  0.40E-08
 33  0  38.34  -95.47  0.55E-08
 33  0  38.39  -95.47  0.79E-08
 33  0  38.44  -95.47  0.65E-08
 33  0  38.49  -95.47  0.10E-07
 33  0  38.54  -95.47  0.80E-08
 33  0  38.59  -95.47  0.14E-07
 33  0  38.64  -95.47  0.26E-07
 33  0  38.69  -95.47  0.23E-07
 33  0  38.74  -95.47  0.28E-07
 33  0  38.79  -95.47  0.39E-07
 33  0  38.84  -95.47  0.49E-07
 33  0  38.89  -95.47  0.31E-07
 33  0  38.94  -95.47  0.41E-07
 33  0  38.99  -95.47  0.53E-07
 33  0  39.04  -95.47  0.50E-07
 33  0  39.09  -95.47  0.42E-07
 33  0  39.14  -95.47  0.57E-07
 33  0  39.19  -95.47  0.42E-07
 33  0  39.24  -95.47  0.72E-07
 33  0  39.29  -95.47  0.73E-07
 33  0  39.34  -95.47  0.93E-07
 33  0  39.39  -95.47  0.10E-06
 33  0  39.44  -95.47  0.11E-06
 33  0  39.49  -95.47  0.82E-07
 33  0  39.54  -95.47  0.45E-07
 33  0  39.59  -95.47  0.10E-07
 33  0  39.64  -95.47  0.57E-08
 33  0  39.69  -95.47  0.10E-08
 33  0  38.24  -95.42  0.83E-09
 33  0  38.29  -95.42  0.14E-08
 33  0  38.34  -95.42  0.75E-09
 33  0  38.39  -95.42  0.33E-08
 33  0  38.44  -95.42  0.55E-08
 33  0  38.49  -95.42  0.51E-08
 33  0  38.54  -95.42  0.56E-08
 33  0  38.59  -95.42  0.11E-07
 33  0  38.64  -95.42  0.14E-07
 33  0  38.69  -95.42  0.15E-07
 33  0  38.74  -95.42  0.17E-07
 33  0  38.79  -95.42  0.25E-07
 33  0  38.84  -95.42  0.43E-07
 33  0  38.89  -95.42  0.28E-07
 33  0  38.94  -95.42  0.40E-07
 33  0  38.99  -95.42  0.43E-07
 33  0  39.04  -95.42  0.48E-07
 33  0  39.09  -95.42  0.38E-07
 33  0  39.14  -95.42  0.50E-07
 33  0  39.19  -95.42  0.45E-07
 33  0  39.24  -95.42  0.62E-07
 33  0  39.29  -95.42  0.67E-07
 33  0  39.34  -95.42  0.85E-07
 33  0  39.39  -95.42  0.98E-07
 33  0  39.44  -95.42  0.92E-07
 33  0  39.49  -95.42  0.76E-07
 33  0  39.54  -95.42  0.43E-07
 33  0  39.59  -95.42  0.15E-07
 33  0  39.64  -95.42  0.63E-08
 33  0  39.69  -95.42  0.10E-08
 33  0  38.29  -95.37  0.97E-09
 33  0  38.34  -95.37  0.91E-09
 33  0  38.39  -95.37  0.17E-08
 33  0  38.44  -95.37  0.45E-08
 33  0  38.49  -95.37  0.52E-08
 33  0  38.54  -95.37  0.80E-08
 33  0  38.59  -95.37  0.92E-08
 33  0  38.64  -95.37  0.72E-08
 33  0  38.69  -95.37  0.95E-08
 33  0  38.74  -95.37  0.15E-07
 33  0  38.79  -95.37  0.22E-07
 33  0  38.84  -95.37  0.23E-07
 33  0  38.89  -95.37  0.25E-07
 33  0  38.94  -95.37  0.34E-07
 33  0  38.99  -95.37  0.33E-07
 33  0  39.04  -95.37  0.38E-07
 33  0  39.09  -95.37  0.39E-07
 33  0  39.14  -95.37  0.42E-07
 33  0  39.19  -95.37  0.48E-07
 33  0  39.24  -95.37  0.61E-07
 33  0  39.29  -95.37  0.62E-07
 33  0  39.34  -95.37  0.77E-07
 33  0  39.39  -95.37  0.90E-07
 33  0  39.44  -95.37  0.76E-07
 33  0  39.49  -95.37  0.70E-07
 33  0  39.54  -95.37  0.36E-07
 33  0  39.59  -95.37  0.16E-07
 33  0  39.64  -95.37  0.73E-08
 33  0  39.69  -95.37  0.20E-08
 33  0  39.74  -95.37  0.93E-09
 33  0  38.29  -95.32  0.38E-09
 33  0  38.34  -95.32  0.13E-09
 33  0  38.39  -95.32  0.36E-08
 33  0  38.44  -95.32  0.29E-08
 33  0  38.49  -95.32  0.38E-08
 33  0  38.54  -95.32  0.40E-08
 33  0  38.59  -95.32  0.39E-08
 33  0  38.64  -95.32  0.45E-08
 33  0  38.69  -95.32  0.82E-08
 33  0  38.74  -95.32  0.10E-07
 33  0  38.79  -95.32  0.17E-07
 33  0  38.84  -95.32  0.16E-07
 33  0  38.89  -95.32  0.18E-07
 33  0  38.94  -95.32  0.23E-07
 33  0  38.99  -95.32  0.30E-07
 33  0  39.04  -95.32  0.38E-07
 33  0  39.09  -95.32  0.33E-07
 33  0  39.14  -95.32  0.42E-07
 33  0  39.19  -95.32  0.42E-07
 33  0  39.24  -95.32  0.54E-07
 33  0  39.29  -95.32  0.56E-07
 33  0  39.34  -95.32  0.78E-07
 33  0  39.39  -95.32  0.78E-07
 33  0  39.44  -95.32  0.67E-07
 33  0  39.49  -95.32  0.56E-07
 33  0  39.54  -95.32  0.28E-07
 33  0  39.59  -95.32  0.17E-07
 33  0  39.64  -95.32  0.60E-08
 33  0  39.69  -95.32  0.24E-08
 33  0  39.74  -95.32  0.19E-09
 33  0  38.24  -95.27  0.76E-10
 33  0  38.29  -95.27  0.42E-09
 33  0  38.34  -95.27  0.13E-08
 33  0  38.39  -95.27  0.97E-09
 33  0  38.44  -95.27  0.64E-09
 33  0  38.49  -95.27  0.11E-08
 33  0  38.54  -95.27  0.65E-09
 33  0  38.59  -95.27  0.10E-08
 33  0  38.64  -95.27  0.17E-08
 33  0  38.69  -95.27  0.40E-08
 33  0  38.74  -95.27  0.74E-08
 33  0  38.79  -95.27  0.12E-07
 33  0  38.84  -95.27  0.10E-07
 33  0  38.89  -95.27  0.10E-07
 33  0  38.94  -95.27  0.19E-07
 33  0  38.99  -95.27  0.25E-07
 33  0  39.04  -95.27  0.26E-07
 33  0  39.09  -95.27  0.28E-07
 33  0  39.14  -95.27  0.28E-07
 33  0  39.19  -95.27  0.37E-07
 33  0  39.24  -95.27  0.43E-07
 33  0  39.29  -95.27  0.52E-07
 33  0  39.34  -95.27  0.64E-07
 33  0  39.39  -95.27  0.64E-07
 33  0  39.44  -95.27  0.56E-07
 33  0  39.49  -95.27  0.46E-07
 33  0  39.54  -95.27  0.29E-07
 33  0  39.59  -95.27  0.15E-07
 33  0  39.64  -95.27  0.49E-08
 33  0  39.69  -95.27  0.34E-08
 33  0  39.74  -95.27  0.33E-09
 33  0  38.19  -95.22  0.47E-09
 33  0  38.24  -95.22  0.55E-09
 33  0  38.29  -95.22  0.62E-09
 33  0  38.34  -95.22  0.21E-09
 33  0  38.49  -95.22  0.44E-09
 33  0  38.54  -95.22  0.11E-09
 33  0  38.59  -95.22  0.12E-09
 33  0  38.64  -95.22  0.14E-08
 33  0  38.69  -95.22  0.23E-08
 33  0  38.74  -95.22  0.58E-08
 33  0  38.79  -95.22  0.54E-08
 33  0  38.84  -95.22  0.57E-08
 33  0  38.89  -95.22  0.56E-08
 33  0  38.94  -95.22  0.15E-07
 33  0  38.99  -95.22  0.17E-07
 33  0  39.04  -95.22  0.19E-07
 33  0  39.09  -95.22  0.19E-07
 33  0  39.14  -95.22  0.19E-07
 33  0  39.19  -95.22  0.28E-07
 33  0  39.24  -95.22  0.32E-07
 33  0  39.29  -95.22  0.42E-07
 33  0  39.34  -95.22  0.47E-07
 33  0  39.39  -95.22  0.44E-07
 33  0  39.44  -95.22  0.35E-07
 33  0  39.49  -95.22  0.35E-07
 33  0  39.54  -95.22  0.27E-07
 33  0  39.59  -95.22  0.12E-07
 33  0  39.64  -95.22  0.49E-08
 33  0  39.69  -95.22  0.24E-08
 33  0  39.74  -95.22  0.33E-09
 33  0  39.79  -95.22  0.11E-09
 33  0  38.59  -95.17  0.78E-10
 33  0  38.64  -95.17  0.21E-09
 33  0  38.69  -95.17  0.60E-09
 33  0  38.74  -95.17  0.18E-08
 33  0  38.79  -95.17  0.88E-09
 33  0  38.84  -95.17  0.31E-08
 33  0  38.89  -95.17  0.30E-08
 33  0  38.94  -95.17  0.86E-08
 33  0  38.99  -95.17  0.11E-07
 33  0  39.04  -95.17  0.11E-07
 33  0  39.09  -95.17  0.15E-07
 33  0  39.14  -95.17  0.96E-08
 33  0  39.19  -95.17  0.18E-07
 33  0  39.24  -95.17  0.24E-07
 33  0  39.29  -95.17  0.28E-07
 33  0  39.34  -95.17  0.32E-07
 33  0  39.39  -95.17  0.34E-07
 33  0  39.44  -95.17  0.20E-07
 33  0  39.49  -95.17  0.28E-07
 33  0  39.54  -95.17  0.18E-07
 33  0  39.59  -95.17  0.73E-08
 33  0  39.64  -95.17  0.41E-08
 33  0  39.69  -95.17  0.78E-09
 33  0  39.74  -95.17  0.35E-09
 33  0  39.79  -95.17  0.33E-09
 33  0  38.59  -95.12  0.19E-10
 33  0  38.69  -95.12  0.72E-10
 33  0  38.74  -95.12  0.36E-09
 33  0  38.79  -95.12  0.99E-09
 33  0  38.84  -95.12  0.13E-08
 33  0  38.89  -95.12  0.31E-08
 33  0  38.94  -95.12  0.19E-08
 33  0  38.99  -95.12  0.90E-08
 33  0  39.04  -95.12  0.62E-08
 33  0  39.09  -95.12  0.81E-08
 33  0  39.14  -95.12  0.69E-08
 33  0  39.19  -95.12  0.10E-07
 33  0  39.24  -95.12  0.17E-07
 33  0  39.29  -95.12  0.18E-07
 33  0  39.34  -95.12  0.18E-07
 33  0  39.39  -95.12  0.23E-07
 33  0  39.44  -95.12  0.14E-07
 33  0  39.49  -95.12  0.17E-07
 33  0  39.54  -95.12  0.12E-07
 33  0  39.59  -95.12  0.27E-08
 33  0  39.64  -95.12  0.30E-08
 33  0  39.69  -95.12  0.11E-09
 33  0  38.69  -95.07  0.29E-09
 33  0  38.74  -95.07  0.33E-10
 33  0  38.79  -95.07  0.11E-08
 33  0  38.84  -95.07  0.30E-09
 33  0  38.89  -95.07  0.85E-09
 33  0  38.94  -95.07  0.28E-08
 33  0  38.99  -95.07  0.63E-08
 33  0  39.04  -95.07  0.29E-08
 33  0  39.09  -95.07  0.51E-08
 33  0  39.14  -95.07  0.41E-08
 33  0  39.19  -95.07  0.63E-08
 33  0  39.24  -95.07  0.11E-07
 33  0  39.29  -95.07  0.14E-07
 33  0  39.34  -95.07  0.12E-07
 33  0  39.39  -95.07  0.10E-07
 33  0  39.44  -95.07  0.89E-08
 33  0  39.49  -95.07  0.81E-08
 33  0  39.54  -95.07  0.52E-08
 33  0  39.59  -95.07  0.32E-08
 33  0  39.64  -95.07  0.19E-08
 33  0  39.69  -95.07  0.76E-09
 33  0  38.74  -95.02  0.16E-09
 33  0  38.79  -95.02  0.64E-10
 33  0  38.84  -95.02  0.67E-09
 33  0  38.89  -95.02  0.43E-09
 33  0  38.94  -95.02  0.28E-08
 33  0  38.99  -95.02  0.14E-08
 33  0  39.04  -95.02  0.27E-08
 33  0  39.09  -95.02  0.20E-08
 33  0  39.14  -95.02  0.13E-08
 33  0  39.19  -95.02  0.47E-08
 33  0  39.24  -95.02  0.54E-08
 33  0  39.29  -95.02  0.76E-08
 33  0  39.34  -95.02  0.37E-08
 33  0  39.39  -95.02  0.35E-08
 33  0  39.44  -95.02  0.53E-08
 33  0  39.49  -95.02  0.42E-08
 33  0  39.54  -95.02  0.18E-08
 33  0  39.59  -95.02  0.18E-08
 33  0  39.64  -95.02  0.96E-09
 33  0  39.69  -95.02  0.30E-09
 33  0  38.94  -94.97  0.88E-09
 33  0  38.99  -94.97  0.90E-09
 33  0  39.04  -94.97  0.16E-08
 33  0  39.09  -94.97  0.34E-09
 33  0  39.14  -94.97  0.90E-09
 33  0  39.19  -94.97  0.33E-08
 33  0  39.24  -94.97  0.24E-08
 33  0  39.29  -94.97  0.34E-08
 33  0  39.34  -94.97  0.19E-08
 33  0  39.39  -94.97  0.66E-09
 33  0  39.44  -94.97  0.23E-08
 33  0  39.49  -94.97  0.72E-09
 33  0  39.54  -94.97  0.14E-08
 33  0  39.59  -94.97  0.71E-09
 33  0  39.64  -94.97  0.96E-09
 33  0  38.94  -94.92  0.26E-09
 33  0  38.99  -94.92  0.23E-09
 33  0  39.04  -94.92  0.60E-09
 33  0  39.09  -94.92  0.53E-09
 33  0  39.14  -94.92  0.24E-09
 33  0  39.19  -94.92  0.21E-08
 33  0  39.24  -94.92  0.16E-08
 33  0  39.29  -94.92  0.96E-09
 33  0  39.34  -94.92  0.53E-09
 33  0  39.39  -94.92  0.14E-09
 33  0  39.44  -94.92  0.77E-09
 33  0  39.49  -94.92  0.14E-09
 33  0  39.54  -94.92  0.10E-08
 33  0  39.59  -94.92  0.32E-09
 33  0  39.64  -94.92  0.27E-09
 33  0  39.69  -94.92  0.42E-09
 33  0  38.89  -94.87  0.13E-09
 33  0  39.04  -94.87  0.67E-10
 33  0  39.09  -94.87  0.20E-09
 33  0  39.19  -94.87  0.60E-09
 33  0  39.24  -94.87  0.29E-09
 33  0  39.29  -94.87  0.72E-09
 33  0  39.39  -94.87  0.18E-09
 33  0  39.54  -94.87  0.64E-09
 33  0  39.59  -94.87  0.21E-09
 33  0  39.69  -94.87  0.28E-09
 33  0  39.54  -94.82  0.24E-09
 33  0  39.49  -94.77  0.24E-09
