DAY HR    LAT     LON CO2 10000
275  0  40.39  -97.52  0.82E-09
275  0  40.44  -97.52  0.15E-08
275  0  40.49  -97.52  0.51E-09
275  0  40.29  -97.47  0.41E-09
275  0  40.34  -97.47  0.12E-08
275  0  40.09  -97.42  0.27E-08
275  0  40.14  -97.42  0.19E-08
275  0  40.19  -97.42  0.15E-08
275  0  40.24  -97.42  0.81E-09
275  0  40.29  -97.42  0.81E-09
275  0  39.99  -97.37  0.20E-08
275  0  40.04  -97.37  0.30E-08
275  0  39.94  -97.32  0.19E-08
275  0  39.99  -97.32  0.17E-08
275  0  39.89  -97.27  0.15E-08
275  0  39.84  -97.22  0.51E-09
275  0  39.89  -97.22  0.51E-09
275  0  39.84  -97.17  0.10E-08
275  0  39.79  -97.12  0.51E-09
275  0  39.74  -97.07  0.51E-09
275  0  39.79  -97.07  0.51E-09
275  0  39.74  -97.02  0.50E-09
275  0  39.69  -96.97  0.10E-08
275  0  39.64  -96.92  0.50E-09
275  0  39.59  -96.87  0.50E-09
275  0  39.64  -96.87  0.50E-09
275  0  39.59  -96.82  0.50E-09
275  0  39.39  -96.77  0.21E-08
275  0  39.44  -96.77  0.61E-09
275  0  39.54  -96.77  0.25E-08
275  0  39.44  -96.72  0.15E-08
275  0  39.49  -96.72  0.49E-09
275  0  39.54  -96.72  0.56E-08
275  0  39.44  -96.67  0.14E-08
275  0  39.49  -96.67  0.48E-08
275  0  38.89  -96.62  0.77E-09
275  0  39.04  -96.62  0.40E-09
275  0  39.09  -96.62  0.24E-09
275  0  39.14  -96.62  0.92E-09
275  0  39.34  -96.62  0.33E-09
275  0  39.39  -96.62  0.67E-09
275  0  39.44  -96.62  0.72E-08
275  0  38.84  -96.57  0.99E-10
275  0  38.89  -96.57  0.39E-09
275  0  38.94  -96.57  0.12E-08
275  0  39.04  -96.57  0.13E-08
275  0  39.09  -96.57  0.44E-09
275  0  39.14  -96.57  0.10E-08
275  0  39.39  -96.57  0.16E-08
275  0  39.44  -96.57  0.20E-08
275  0  38.84  -96.52  0.11E-08
275  0  38.89  -96.52  0.91E-09
275  0  38.94  -96.52  0.40E-08
275  0  38.99  -96.52  0.12E-08
275  0  39.04  -96.52  0.37E-08
275  0  39.09  -96.52  0.49E-08
275  0  39.14  -96.52  0.13E-08
275  0  39.19  -96.52  0.14E-08
275  0  39.39  -96.52  0.33E-08
275  0  39.44  -96.52  0.23E-08
275  0  39.54  -96.52  0.30E-08
275  0  38.59  -96.47  0.24E-09
275  0  38.64  -96.47  0.40E-09
275  0  38.79  -96.47  0.84E-09
275  0  38.84  -96.47  0.38E-08
275  0  38.89  -96.47  0.68E-08
275  0  38.94  -96.47  0.42E-08
275  0  38.99  -96.47  0.62E-08
275  0  39.04  -96.47  0.13E-08
275  0  39.09  -96.47  0.69E-08
275  0  39.14  -96.47  0.32E-08
275  0  39.19  -96.47  0.16E-08
275  0  39.24  -96.47  0.43E-09
275  0  39.29  -96.47  0.72E-09
275  0  39.34  -96.47  0.77E-09
275  0  39.39  -96.47  0.10E-07
275  0  39.44  -96.47  0.13E-07
275  0  39.49  -96.47  0.39E-08
275  0  39.54  -96.47  0.23E-08
275  0  38.64  -96.42  0.48E-09
275  0  38.69  -96.42  0.75E-09
275  0  38.74  -96.42  0.21E-09
275  0  38.84  -96.42  0.34E-08
275  0  38.89  -96.42  0.40E-08
275  0  38.94  -96.42  0.83E-08
275  0  38.99  -96.42  0.90E-08
275  0  39.04  -96.42  0.14E-07
275  0  39.09  -96.42  0.52E-08
275  0  39.14  -96.42  0.60E-08
275  0  39.19  -96.42  0.45E-08
275  0  39.24  -96.42  0.16E-08
275  0  39.29  -96.42  0.12E-08
275  0  39.34  -96.42  0.21E-07
275  0  39.39  -96.42  0.15E-07
275  0  39.44  -96.42  0.14E-07
275  0  39.49  -96.42  0.76E-08
275  0  39.54  -96.42  0.99E-09
275  0  38.69  -96.37  0.68E-09
275  0  38.74  -96.37  0.15E-08
275  0  38.79  -96.37  0.45E-08
275  0  38.84  -96.37  0.54E-08
275  0  38.89  -96.37  0.13E-07
275  0  38.94  -96.37  0.19E-07
275  0  38.99  -96.37  0.12E-07
275  0  39.04  -96.37  0.13E-07
275  0  39.09  -96.37  0.19E-07
275  0  39.14  -96.37  0.21E-07
275  0  39.19  -96.37  0.80E-08
275  0  39.24  -96.37  0.87E-08
275  0  39.29  -96.37  0.20E-07
275  0  39.34  -96.37  0.58E-07
275  0  39.39  -96.37  0.86E-07
275  0  39.44  -96.37  0.28E-07
275  0  39.49  -96.37  0.81E-08
275  0  38.59  -96.32  0.16E-09
275  0  38.64  -96.32  0.13E-09
275  0  38.69  -96.32  0.11E-08
275  0  38.74  -96.32  0.30E-08
275  0  38.79  -96.32  0.85E-08
275  0  38.84  -96.32  0.10E-07
275  0  38.89  -96.32  0.15E-07
275  0  38.94  -96.32  0.28E-07
275  0  38.99  -96.32  0.37E-07
275  0  39.04  -96.32  0.25E-07
275  0  39.09  -96.32  0.35E-07
275  0  39.14  -96.32  0.41E-07
275  0  39.19  -96.32  0.34E-07
275  0  39.24  -96.32  0.19E-07
275  0  39.29  -96.32  0.97E-07
275  0  39.34  -96.32  0.26E-06
275  0  39.39  -96.32  0.20E-06
275  0  39.44  -96.32  0.37E-07
275  0  39.49  -96.32  0.89E-08
275  0  38.59  -96.27  0.42E-09
275  0  38.64  -96.27  0.71E-09
275  0  38.69  -96.27  0.15E-08
275  0  38.74  -96.27  0.12E-07
275  0  38.79  -96.27  0.18E-07
275  0  38.84  -96.27  0.25E-07
275  0  38.89  -96.27  0.30E-07
275  0  38.94  -96.27  0.40E-07
275  0  38.99  -96.27  0.61E-07
275  0  39.04  -96.27  0.66E-07
275  0  39.09  -96.27  0.70E-07
275  0  39.14  -96.27  0.80E-07
275  0  39.19  -96.27  0.72E-07
275  0  39.24  -96.27  0.57E-07
275  0  39.29  -96.27  0.29E-06
275  0  39.34  -96.27  0.47E-06
275  0  39.39  -96.27  0.27E-06
275  0  39.44  -96.27  0.33E-07
275  0  39.49  -96.27  0.14E-08
275  0  38.59  -96.22  0.12E-09
275  0  38.64  -96.22  0.13E-08
275  0  38.69  -96.22  0.33E-08
275  0  38.74  -96.22  0.11E-07
275  0  38.79  -96.22  0.33E-07
275  0  38.84  -96.22  0.46E-07
275  0  38.89  -96.22  0.74E-07
275  0  38.94  -96.22  0.91E-07
275  0  38.99  -96.22  0.88E-07
275  0  39.04  -96.22  0.11E-06
275  0  39.09  -96.22  0.13E-06
275  0  39.14  -96.22  0.15E-06
275  0  39.19  -96.22  0.17E-06
275  0  39.24  -96.22  0.14E-06
275  0  39.29  -96.22  0.71E-06
275  0  39.34  -96.22  0.91E-06
275  0  39.39  -96.22  0.25E-06
275  0  39.44  -96.22  0.25E-07
275  0  38.59  -96.17  0.25E-09
275  0  38.64  -96.17  0.25E-08
275  0  38.69  -96.17  0.50E-08
275  0  38.74  -96.17  0.15E-07
275  0  38.79  -96.17  0.30E-07
275  0  38.84  -96.17  0.59E-07
275  0  38.89  -96.17  0.10E-06
275  0  38.94  -96.17  0.15E-06
275  0  38.99  -96.17  0.17E-06
275  0  39.04  -96.17  0.19E-06
275  0  39.09  -96.17  0.20E-06
275  0  39.14  -96.17  0.24E-06
275  0  39.19  -96.17  0.39E-06
275  0  39.24  -96.17  0.47E-06
275  0  39.29  -96.17  0.16E-05
275  0  39.34  -96.17  0.11E-05
275  0  39.39  -96.17  0.17E-06
275  0  39.44  -96.17  0.60E-08
275  0  38.54  -96.12  0.15E-09
275  0  38.59  -96.12  0.25E-09
275  0  38.64  -96.12  0.28E-08
275  0  38.69  -96.12  0.84E-08
275  0  38.74  -96.12  0.25E-07
275  0  38.79  -96.12  0.48E-07
275  0  38.84  -96.12  0.76E-07
275  0  38.89  -96.12  0.13E-06
275  0  38.94  -96.12  0.16E-06
275  0  38.99  -96.12  0.22E-06
275  0  39.04  -96.12  0.27E-06
275  0  39.09  -96.12  0.28E-06
275  0  39.14  -96.12  0.36E-06
275  0  39.19  -96.12  0.57E-06
275  0  39.24  -96.12  0.16E-05
275  0  39.29  -96.12  0.70E-05
275  0  39.34  -96.12  0.71E-06
275  0  39.39  -96.12  0.41E-07
275  0  39.44  -96.12  0.88E-09
275  0  38.59  -96.07  0.73E-09
275  0  38.64  -96.07  0.14E-08
275  0  38.69  -96.07  0.75E-08
275  0  38.74  -96.07  0.23E-07
275  0  38.79  -96.07  0.52E-07
275  0  38.84  -96.07  0.89E-07
275  0  38.89  -96.07  0.13E-06
275  0  38.94  -96.07  0.19E-06
275  0  38.99  -96.07  0.25E-06
275  0  39.04  -96.07  0.32E-06
275  0  39.09  -96.07  0.43E-06
275  0  39.14  -96.07  0.64E-06
275  0  39.19  -96.07  0.12E-05
275  0  39.24  -96.07  0.26E-05
275  0  39.29  -96.07  0.12E-05
275  0  39.34  -96.07  0.11E-06
275  0  39.39  -96.07  0.11E-07
275  0  38.59  -96.02  0.49E-09
275  0  38.64  -96.02  0.32E-08
275  0  38.69  -96.02  0.79E-08
275  0  38.74  -96.02  0.16E-07
275  0  38.79  -96.02  0.40E-07
275  0  38.84  -96.02  0.75E-07
275  0  38.89  -96.02  0.13E-06
275  0  38.94  -96.02  0.20E-06
275  0  38.99  -96.02  0.28E-06
275  0  39.04  -96.02  0.39E-06
275  0  39.09  -96.02  0.60E-06
275  0  39.14  -96.02  0.83E-06
275  0  39.19  -96.02  0.99E-06
275  0  39.24  -96.02  0.46E-06
275  0  39.29  -96.02  0.10E-06
275  0  39.34  -96.02  0.14E-07
275  0  38.59  -95.97  0.18E-08
275  0  38.64  -95.97  0.12E-08
275  0  38.69  -95.97  0.57E-08
275  0  38.74  -95.97  0.18E-07
275  0  38.79  -95.97  0.34E-07
275  0  38.84  -95.97  0.50E-07
275  0  38.89  -95.97  0.80E-07
275  0  38.94  -95.97  0.12E-06
275  0  38.99  -95.97  0.18E-06
275  0  39.04  -95.97  0.28E-06
275  0  39.09  -95.97  0.37E-06
275  0  39.14  -95.97  0.40E-06
275  0  39.19  -95.97  0.20E-06
275  0  39.24  -95.97  0.67E-07
275  0  39.29  -95.97  0.13E-07
275  0  39.34  -95.97  0.20E-09
275  0  38.59  -95.92  0.27E-09
275  0  38.64  -95.92  0.16E-08
275  0  38.69  -95.92  0.77E-08
275  0  38.74  -95.92  0.14E-07
275  0  38.79  -95.92  0.23E-07
275  0  38.84  -95.92  0.35E-07
275  0  38.89  -95.92  0.43E-07
275  0  38.94  -95.92  0.73E-07
275  0  38.99  -95.92  0.94E-07
275  0  39.04  -95.92  0.12E-06
275  0  39.09  -95.92  0.13E-06
275  0  39.14  -95.92  0.89E-07
275  0  39.19  -95.92  0.36E-07
275  0  39.24  -95.92  0.74E-08
275  0  39.29  -95.92  0.66E-09
275  0  39.34  -95.92  0.58E-09
275  0  38.59  -95.87  0.32E-09
275  0  38.64  -95.87  0.13E-08
275  0  38.69  -95.87  0.38E-08
275  0  38.74  -95.87  0.47E-08
275  0  38.79  -95.87  0.88E-08
275  0  38.84  -95.87  0.88E-08
275  0  38.89  -95.87  0.18E-07
275  0  38.94  -95.87  0.25E-07
275  0  38.99  -95.87  0.33E-07
275  0  39.04  -95.87  0.41E-07
275  0  39.09  -95.87  0.29E-07
275  0  39.14  -95.87  0.16E-07
275  0  39.19  -95.87  0.46E-08
275  0  39.24  -95.87  0.55E-10
275  0  38.64  -95.82  0.70E-09
275  0  38.74  -95.82  0.32E-09
275  0  38.79  -95.82  0.31E-08
275  0  38.84  -95.82  0.35E-08
275  0  38.89  -95.82  0.53E-08
275  0  38.94  -95.82  0.75E-08
275  0  38.99  -95.82  0.79E-08
275  0  39.04  -95.82  0.86E-08
275  0  39.09  -95.82  0.65E-08
275  0  39.14  -95.82  0.25E-08
275  0  38.54  -95.77  0.43E-09
275  0  38.59  -95.77  0.50E-09
275  0  38.64  -95.77  0.25E-09
275  0  38.69  -95.77  0.56E-09
275  0  38.74  -95.77  0.83E-09
275  0  38.79  -95.77  0.72E-09
275  0  38.84  -95.77  0.23E-08
275  0  38.89  -95.77  0.22E-08
275  0  38.94  -95.77  0.20E-08
275  0  38.99  -95.77  0.18E-08
275  0  39.04  -95.77  0.17E-08
275  0  39.09  -95.77  0.15E-08
275  0  38.74  -95.72  0.59E-10
275  0  38.79  -95.72  0.12E-09
275  0  38.84  -95.72  0.14E-09
275  0  38.89  -95.72  0.47E-10
275  0  38.74  -95.67  0.59E-10
