DAY HR    LAT     LON CO2 10000
271  0  38.99 -100.62  0.27E-09
271  0  38.99 -100.57  0.27E-09
271  0  38.94 -100.52  0.10E-09
271  0  38.99 -100.52  0.27E-09
271  0  39.14 -100.52  0.18E-09
271  0  38.94 -100.47  0.21E-09
271  0  38.99 -100.47  0.27E-09
271  0  39.09 -100.47  0.32E-09
271  0  39.14 -100.47  0.18E-09
271  0  38.89 -100.42  0.21E-09
271  0  38.99 -100.42  0.27E-09
271  0  39.09 -100.42  0.41E-09
271  0  38.84 -100.37  0.33E-10
271  0  38.89 -100.37  0.21E-09
271  0  38.99 -100.37  0.27E-09
271  0  39.09 -100.37  0.50E-09
271  0  38.84 -100.32  0.11E-09
271  0  38.89 -100.32  0.21E-09
271  0  38.99 -100.32  0.27E-09
271  0  39.09 -100.32  0.50E-09
271  0  39.39 -100.32  0.12E-09
271  0  38.84 -100.27  0.42E-10
271  0  38.89 -100.27  0.25E-09
271  0  38.99 -100.27  0.30E-09
271  0  39.04 -100.27  0.24E-10
271  0  39.09 -100.27  0.44E-09
271  0  39.14 -100.27  0.91E-10
271  0  39.39 -100.27  0.59E-10
271  0  38.89 -100.22  0.33E-09
271  0  38.99 -100.22  0.17E-09
271  0  39.04 -100.22  0.46E-10
271  0  39.09 -100.22  0.53E-09
271  0  39.14 -100.22  0.91E-10
271  0  39.24 -100.22  0.12E-09
271  0  39.39 -100.22  0.12E-09
271  0  38.89 -100.17  0.29E-09
271  0  38.94 -100.17  0.21E-09
271  0  38.99 -100.17  0.33E-09
271  0  39.04 -100.17  0.58E-10
271  0  39.09 -100.17  0.44E-09
271  0  39.14 -100.17  0.18E-09
271  0  39.24 -100.17  0.38E-09
271  0  39.39 -100.17  0.12E-09
271  0  38.89 -100.12  0.38E-09
271  0  38.94 -100.12  0.10E-09
271  0  38.99 -100.12  0.17E-09
271  0  39.04 -100.12  0.11E-09
271  0  39.09 -100.12  0.61E-09
271  0  39.14 -100.12  0.13E-09
271  0  39.24 -100.12  0.42E-09
271  0  39.39 -100.12  0.12E-09
271  0  38.89 -100.07  0.35E-09
271  0  38.94 -100.07  0.21E-09
271  0  38.99 -100.07  0.33E-09
271  0  39.04 -100.07  0.39E-09
271  0  39.09 -100.07  0.54E-09
271  0  39.14 -100.07  0.40E-09
271  0  39.24 -100.07  0.36E-09
271  0  39.34 -100.07  0.44E-10
271  0  39.39 -100.07  0.12E-09
271  0  38.89 -100.02  0.18E-09
271  0  38.94 -100.02  0.21E-09
271  0  38.99 -100.02  0.33E-09
271  0  39.04 -100.02  0.40E-09
271  0  39.09 -100.02  0.57E-09
271  0  39.14 -100.02  0.27E-09
271  0  39.24 -100.02  0.59E-09
271  0  39.34 -100.02  0.89E-10
271  0  39.39 -100.02  0.12E-09
271  0  38.89  -99.97  0.36E-09
271  0  38.94  -99.97  0.24E-09
271  0  38.99  -99.97  0.17E-09
271  0  39.04  -99.97  0.35E-09
271  0  39.09  -99.97  0.60E-09
271  0  39.14  -99.97  0.40E-09
271  0  39.24  -99.97  0.59E-09
271  0  39.29  -99.97  0.26E-09
271  0  39.34  -99.97  0.89E-10
271  0  39.39  -99.97  0.12E-09
271  0  38.79  -99.92  0.13E-09
271  0  38.89  -99.92  0.23E-09
271  0  38.94  -99.92  0.16E-09
271  0  38.99  -99.92  0.33E-09
271  0  39.04  -99.92  0.39E-09
271  0  39.09  -99.92  0.46E-09
271  0  39.14  -99.92  0.44E-09
271  0  39.24  -99.92  0.56E-09
271  0  39.29  -99.92  0.39E-09
271  0  39.34  -99.92  0.89E-10
271  0  39.39  -99.92  0.74E-10
271  0  38.79  -99.87  0.13E-09
271  0  38.89  -99.87  0.13E-09
271  0  38.94  -99.87  0.44E-09
271  0  38.99  -99.87  0.22E-09
271  0  39.04  -99.87  0.65E-09
271  0  39.09  -99.87  0.62E-09
271  0  39.14  -99.87  0.52E-09
271  0  39.24  -99.87  0.59E-09
271  0  39.29  -99.87  0.26E-09
271  0  39.34  -99.87  0.89E-10
271  0  39.39  -99.87  0.15E-09
271  0  38.79  -99.82  0.13E-09
271  0  38.89  -99.82  0.36E-10
271  0  38.94  -99.82  0.39E-09
271  0  38.99  -99.82  0.39E-09
271  0  39.04  -99.82  0.72E-09
271  0  39.09  -99.82  0.98E-09
271  0  39.14  -99.82  0.45E-09
271  0  39.19  -99.82  0.19E-10
271  0  39.24  -99.82  0.53E-09
271  0  39.29  -99.82  0.31E-09
271  0  39.34  -99.82  0.89E-10
271  0  39.39  -99.82  0.15E-09
271  0  38.79  -99.77  0.13E-09
271  0  38.89  -99.77  0.20E-09
271  0  38.94  -99.77  0.56E-09
271  0  38.99  -99.77  0.39E-09
271  0  39.04  -99.77  0.66E-09
271  0  39.09  -99.77  0.81E-09
271  0  39.14  -99.77  0.50E-09
271  0  39.19  -99.77  0.39E-10
271  0  39.24  -99.77  0.80E-09
271  0  39.29  -99.77  0.52E-09
271  0  39.34  -99.77  0.89E-10
271  0  39.39  -99.77  0.74E-10
271  0  38.84  -99.72  0.13E-09
271  0  38.89  -99.72  0.17E-09
271  0  38.94  -99.72  0.77E-09
271  0  38.99  -99.72  0.36E-09
271  0  39.04  -99.72  0.35E-09
271  0  39.09  -99.72  0.10E-08
271  0  39.14  -99.72  0.39E-09
271  0  39.19  -99.72  0.44E-10
271  0  39.24  -99.72  0.80E-09
271  0  39.29  -99.72  0.45E-09
271  0  39.34  -99.72  0.89E-10
271  0  39.39  -99.72  0.15E-09
271  0  38.84  -99.67  0.13E-09
271  0  38.89  -99.67  0.18E-09
271  0  38.94  -99.67  0.72E-09
271  0  38.99  -99.67  0.51E-09
271  0  39.04  -99.67  0.68E-09
271  0  39.09  -99.67  0.73E-09
271  0  39.14  -99.67  0.90E-09
271  0  39.19  -99.67  0.49E-10
271  0  39.24  -99.67  0.82E-09
271  0  39.29  -99.67  0.44E-09
271  0  39.34  -99.67  0.11E-09
271  0  39.39  -99.67  0.15E-09
271  0  38.79  -99.62  0.62E-10
271  0  38.84  -99.62  0.15E-09
271  0  38.89  -99.62  0.26E-09
271  0  38.94  -99.62  0.51E-09
271  0  38.99  -99.62  0.38E-09
271  0  39.04  -99.62  0.13E-08
271  0  39.09  -99.62  0.70E-09
271  0  39.14  -99.62  0.93E-09
271  0  39.19  -99.62  0.94E-10
271  0  39.24  -99.62  0.95E-09
271  0  39.29  -99.62  0.65E-09
271  0  39.34  -99.62  0.55E-10
271  0  39.39  -99.62  0.74E-10
271  0  38.79  -99.57  0.12E-09
271  0  38.84  -99.57  0.20E-09
271  0  38.89  -99.57  0.32E-09
271  0  38.94  -99.57  0.91E-09
271  0  38.99  -99.57  0.49E-09
271  0  39.04  -99.57  0.14E-08
271  0  39.09  -99.57  0.74E-09
271  0  39.14  -99.57  0.76E-09
271  0  39.19  -99.57  0.26E-09
271  0  39.24  -99.57  0.97E-09
271  0  39.29  -99.57  0.42E-09
271  0  39.34  -99.57  0.11E-09
271  0  39.39  -99.57  0.15E-09
271  0  39.54  -99.57  0.15E-10
271  0  38.74  -99.52  0.12E-09
271  0  38.79  -99.52  0.62E-10
271  0  38.84  -99.52  0.27E-09
271  0  38.89  -99.52  0.26E-09
271  0  38.94  -99.52  0.68E-09
271  0  38.99  -99.52  0.67E-09
271  0  39.04  -99.52  0.15E-08
271  0  39.09  -99.52  0.76E-09
271  0  39.14  -99.52  0.82E-09
271  0  39.19  -99.52  0.26E-09
271  0  39.24  -99.52  0.10E-08
271  0  39.29  -99.52  0.69E-09
271  0  39.34  -99.52  0.19E-09
271  0  39.39  -99.52  0.15E-09
271  0  39.54  -99.52  0.30E-10
271  0  38.64  -99.47  0.75E-11
271  0  38.74  -99.47  0.12E-09
271  0  38.84  -99.47  0.12E-09
271  0  38.89  -99.47  0.41E-09
271  0  38.94  -99.47  0.63E-09
271  0  38.99  -99.47  0.80E-09
271  0  39.04  -99.47  0.16E-08
271  0  39.09  -99.47  0.87E-09
271  0  39.14  -99.47  0.12E-08
271  0  39.19  -99.47  0.38E-09
271  0  39.24  -99.47  0.10E-08
271  0  39.29  -99.47  0.66E-09
271  0  39.34  -99.47  0.27E-09
271  0  39.39  -99.47  0.74E-10
271  0  39.54  -99.47  0.30E-10
271  0  38.64  -99.42  0.75E-11
271  0  38.69  -99.42  0.75E-11
271  0  38.74  -99.42  0.12E-09
271  0  38.84  -99.42  0.12E-09
271  0  38.89  -99.42  0.51E-09
271  0  38.94  -99.42  0.55E-09
271  0  38.99  -99.42  0.11E-08
271  0  39.04  -99.42  0.13E-08
271  0  39.09  -99.42  0.94E-09
271  0  39.14  -99.42  0.13E-08
271  0  39.19  -99.42  0.70E-09
271  0  39.24  -99.42  0.13E-08
271  0  39.29  -99.42  0.89E-09
271  0  39.34  -99.42  0.14E-09
271  0  39.39  -99.42  0.17E-09
271  0  39.54  -99.42  0.45E-10
271  0  38.69  -99.37  0.15E-10
271  0  38.74  -99.37  0.16E-09
271  0  38.79  -99.37  0.14E-10
271  0  38.84  -99.37  0.18E-09
271  0  38.89  -99.37  0.47E-09
271  0  38.94  -99.37  0.46E-09
271  0  38.99  -99.37  0.12E-08
271  0  39.04  -99.37  0.15E-08
271  0  39.09  -99.37  0.71E-09
271  0  39.14  -99.37  0.12E-08
271  0  39.19  -99.37  0.68E-09
271  0  39.24  -99.37  0.14E-08
271  0  39.29  -99.37  0.71E-09
271  0  39.34  -99.37  0.36E-09
271  0  39.39  -99.37  0.18E-09
271  0  39.49  -99.37  0.15E-10
271  0  39.54  -99.37  0.15E-10
271  0  38.69  -99.32  0.16E-09
271  0  38.74  -99.32  0.16E-09
271  0  38.79  -99.32  0.67E-10
271  0  38.84  -99.32  0.31E-09
271  0  38.89  -99.32  0.55E-09
271  0  38.94  -99.32  0.36E-09
271  0  38.99  -99.32  0.11E-08
271  0  39.04  -99.32  0.12E-08
271  0  39.09  -99.32  0.12E-08
271  0  39.14  -99.32  0.18E-08
271  0  39.19  -99.32  0.95E-09
271  0  39.24  -99.32  0.15E-08
271  0  39.29  -99.32  0.73E-09
271  0  39.34  -99.32  0.46E-09
271  0  39.39  -99.32  0.18E-09
271  0  39.49  -99.32  0.45E-10
271  0  38.69  -99.27  0.11E-09
271  0  38.74  -99.27  0.22E-09
271  0  38.79  -99.27  0.54E-10
271  0  38.84  -99.27  0.31E-09
271  0  38.89  -99.27  0.67E-09
271  0  38.94  -99.27  0.35E-09
271  0  38.99  -99.27  0.12E-08
271  0  39.04  -99.27  0.10E-08
271  0  39.09  -99.27  0.14E-08
271  0  39.14  -99.27  0.18E-08
271  0  39.19  -99.27  0.76E-09
271  0  39.24  -99.27  0.18E-08
271  0  39.29  -99.27  0.70E-09
271  0  39.34  -99.27  0.55E-09
271  0  39.39  -99.27  0.18E-09
271  0  39.49  -99.27  0.49E-10
271  0  38.69  -99.22  0.10E-09
271  0  38.74  -99.22  0.80E-10
271  0  38.79  -99.22  0.24E-09
271  0  38.84  -99.22  0.37E-09
271  0  38.89  -99.22  0.64E-09
271  0  38.94  -99.22  0.81E-09
271  0  38.99  -99.22  0.16E-08
271  0  39.04  -99.22  0.96E-09
271  0  39.09  -99.22  0.15E-08
271  0  39.14  -99.22  0.16E-08
271  0  39.19  -99.22  0.13E-08
271  0  39.24  -99.22  0.21E-08
271  0  39.29  -99.22  0.91E-09
271  0  39.34  -99.22  0.31E-09
271  0  39.39  -99.22  0.18E-09
271  0  39.49  -99.22  0.38E-10
271  0  38.69  -99.17  0.15E-10
271  0  38.74  -99.17  0.22E-09
271  0  38.79  -99.17  0.40E-09
271  0  38.84  -99.17  0.49E-09
271  0  38.89  -99.17  0.56E-09
271  0  38.94  -99.17  0.89E-09
271  0  38.99  -99.17  0.21E-08
271  0  39.04  -99.17  0.10E-08
271  0  39.09  -99.17  0.15E-08
271  0  39.14  -99.17  0.16E-08
271  0  39.19  -99.17  0.15E-08
271  0  39.24  -99.17  0.16E-08
271  0  39.29  -99.17  0.14E-08
271  0  39.34  -99.17  0.36E-09
271  0  39.39  -99.17  0.32E-09
271  0  39.49  -99.17  0.56E-10
271  0  38.69  -99.12  0.26E-10
271  0  38.74  -99.12  0.23E-09
271  0  38.79  -99.12  0.58E-09
271  0  38.84  -99.12  0.51E-09
271  0  38.89  -99.12  0.58E-09
271  0  38.94  -99.12  0.95E-09
271  0  38.99  -99.12  0.23E-08
271  0  39.04  -99.12  0.10E-08
271  0  39.09  -99.12  0.17E-08
271  0  39.14  -99.12  0.17E-08
271  0  39.19  -99.12  0.15E-08
271  0  39.24  -99.12  0.20E-08
271  0  39.29  -99.12  0.16E-08
271  0  39.34  -99.12  0.43E-09
271  0  39.39  -99.12  0.32E-09
271  0  39.44  -99.12  0.38E-10
271  0  38.64  -99.07  0.59E-10
271  0  38.74  -99.07  0.16E-09
271  0  38.79  -99.07  0.48E-09
271  0  38.84  -99.07  0.63E-09
271  0  38.89  -99.07  0.56E-09
271  0  38.94  -99.07  0.12E-08
271  0  38.99  -99.07  0.20E-08
271  0  39.04  -99.07  0.20E-08
271  0  39.09  -99.07  0.18E-08
271  0  39.14  -99.07  0.21E-08
271  0  39.19  -99.07  0.20E-08
271  0  39.24  -99.07  0.16E-08
271  0  39.29  -99.07  0.24E-08
271  0  39.34  -99.07  0.45E-09
271  0  39.39  -99.07  0.23E-09
271  0  39.44  -99.07  0.55E-10
271  0  38.64  -99.02  0.18E-09
271  0  38.74  -99.02  0.13E-09
271  0  38.79  -99.02  0.51E-09
271  0  38.84  -99.02  0.64E-09
271  0  38.89  -99.02  0.80E-09
271  0  38.94  -99.02  0.13E-08
271  0  38.99  -99.02  0.24E-08
271  0  39.04  -99.02  0.23E-08
271  0  39.09  -99.02  0.12E-08
271  0  39.14  -99.02  0.23E-08
271  0  39.19  -99.02  0.19E-08
271  0  39.24  -99.02  0.18E-08
271  0  39.29  -99.02  0.20E-08
271  0  39.34  -99.02  0.39E-09
271  0  39.39  -99.02  0.13E-09
271  0  39.44  -99.02  0.10E-09
271  0  38.64  -98.97  0.59E-10
271  0  38.69  -98.97  0.59E-10
271  0  38.74  -98.97  0.13E-09
271  0  38.79  -98.97  0.34E-09
271  0  38.84  -98.97  0.62E-09
271  0  38.89  -98.97  0.76E-09
271  0  38.94  -98.97  0.97E-09
271  0  38.99  -98.97  0.29E-08
271  0  39.04  -98.97  0.28E-08
271  0  39.09  -98.97  0.78E-09
271  0  39.14  -98.97  0.25E-08
271  0  39.19  -98.97  0.21E-08
271  0  39.24  -98.97  0.22E-08
271  0  39.29  -98.97  0.28E-08
271  0  39.34  -98.97  0.45E-09
271  0  39.39  -98.97  0.33E-09
271  0  39.44  -98.97  0.81E-10
271  0  38.49  -98.92  0.21E-10
271  0  38.54  -98.92  0.21E-10
271  0  38.69  -98.92  0.17E-09
271  0  38.74  -98.92  0.13E-09
271  0  38.79  -98.92  0.23E-09
271  0  38.84  -98.92  0.67E-09
271  0  38.89  -98.92  0.91E-09
271  0  38.94  -98.92  0.11E-08
271  0  38.99  -98.92  0.21E-08
271  0  39.04  -98.92  0.35E-08
271  0  39.09  -98.92  0.97E-09
271  0  39.14  -98.92  0.18E-08
271  0  39.19  -98.92  0.22E-08
271  0  39.24  -98.92  0.29E-08
271  0  39.29  -98.92  0.28E-08
271  0  39.34  -98.92  0.55E-09
271  0  39.39  -98.92  0.33E-09
271  0  39.44  -98.92  0.10E-09
271  0  38.54  -98.87  0.64E-10
271  0  38.69  -98.87  0.34E-09
271  0  38.74  -98.87  0.60E-10
271  0  38.79  -98.87  0.41E-09
271  0  38.84  -98.87  0.76E-09
271  0  38.89  -98.87  0.91E-09
271  0  38.94  -98.87  0.13E-08
271  0  38.99  -98.87  0.18E-08
271  0  39.04  -98.87  0.34E-08
271  0  39.09  -98.87  0.16E-08
271  0  39.14  -98.87  0.22E-08
271  0  39.19  -98.87  0.25E-08
271  0  39.24  -98.87  0.27E-08
271  0  39.29  -98.87  0.39E-08
271  0  39.34  -98.87  0.13E-08
271  0  39.39  -98.87  0.23E-09
271  0  39.44  -98.87  0.81E-10
271  0  38.49  -98.82  0.72E-10
271  0  38.54  -98.82  0.70E-10
271  0  38.69  -98.82  0.23E-09
271  0  38.74  -98.82  0.53E-10
271  0  38.79  -98.82  0.43E-09
271  0  38.84  -98.82  0.79E-09
271  0  38.89  -98.82  0.10E-08
271  0  38.94  -98.82  0.13E-08
271  0  38.99  -98.82  0.22E-08
271  0  39.04  -98.82  0.36E-08
271  0  39.09  -98.82  0.26E-08
271  0  39.14  -98.82  0.15E-08
271  0  39.19  -98.82  0.30E-08
271  0  39.24  -98.82  0.27E-08
271  0  39.29  -98.82  0.40E-08
271  0  39.34  -98.82  0.16E-08
271  0  39.39  -98.82  0.46E-09
271  0  39.44  -98.82  0.10E-09
271  0  38.49  -98.77  0.24E-10
271  0  38.54  -98.77  0.81E-10
271  0  38.59  -98.77  0.27E-10
271  0  38.64  -98.77  0.13E-10
271  0  38.69  -98.77  0.11E-09
271  0  38.74  -98.77  0.30E-09
271  0  38.79  -98.77  0.40E-09
271  0  38.84  -98.77  0.67E-09
271  0  38.89  -98.77  0.14E-08
271  0  38.94  -98.77  0.16E-08
271  0  38.99  -98.77  0.19E-08
271  0  39.04  -98.77  0.28E-08
271  0  39.09  -98.77  0.34E-08
271  0  39.14  -98.77  0.81E-09
271  0  39.19  -98.77  0.35E-08
271  0  39.24  -98.77  0.33E-08
271  0  39.29  -98.77  0.45E-08
271  0  39.34  -98.77  0.24E-08
271  0  39.39  -98.77  0.43E-09
271  0  39.44  -98.77  0.22E-09
271  0  38.54  -98.72  0.91E-10
271  0  38.59  -98.72  0.49E-10
271  0  38.64  -98.72  0.13E-10
271  0  38.69  -98.72  0.13E-10
271  0  38.74  -98.72  0.45E-09
271  0  38.79  -98.72  0.39E-09
271  0  38.84  -98.72  0.80E-09
271  0  38.89  -98.72  0.13E-08
271  0  38.94  -98.72  0.14E-08
271  0  38.99  -98.72  0.18E-08
271  0  39.04  -98.72  0.31E-08
271  0  39.09  -98.72  0.31E-08
271  0  39.14  -98.72  0.21E-08
271  0  39.19  -98.72  0.23E-08
271  0  39.24  -98.72  0.42E-08
271  0  39.29  -98.72  0.34E-08
271  0  39.34  -98.72  0.44E-08
271  0  39.39  -98.72  0.43E-09
271  0  39.44  -98.72  0.49E-09
271  0  38.54  -98.67  0.72E-10
271  0  38.59  -98.67  0.10E-09
271  0  38.69  -98.67  0.39E-10
271  0  38.74  -98.67  0.43E-09
271  0  38.79  -98.67  0.57E-09
271  0  38.84  -98.67  0.72E-09
271  0  38.89  -98.67  0.12E-08
271  0  38.94  -98.67  0.18E-08
271  0  38.99  -98.67  0.23E-08
271  0  39.04  -98.67  0.22E-08
271  0  39.09  -98.67  0.38E-08
271  0  39.14  -98.67  0.32E-08
271  0  39.19  -98.67  0.24E-08
271  0  39.24  -98.67  0.43E-08
271  0  39.29  -98.67  0.32E-08
271  0  39.34  -98.67  0.62E-08
271  0  39.39  -98.67  0.60E-09
271  0  39.44  -98.67  0.33E-09
271  0  38.54  -98.62  0.48E-10
271  0  38.59  -98.62  0.94E-10
271  0  38.64  -98.62  0.58E-10
271  0  38.69  -98.62  0.26E-10
271  0  38.74  -98.62  0.41E-09
271  0  38.79  -98.62  0.15E-09
271  0  38.84  -98.62  0.70E-09
271  0  38.89  -98.62  0.11E-08
271  0  38.94  -98.62  0.18E-08
271  0  38.99  -98.62  0.29E-08
271  0  39.04  -98.62  0.18E-08
271  0  39.09  -98.62  0.39E-08
271  0  39.14  -98.62  0.31E-08
271  0  39.19  -98.62  0.22E-08
271  0  39.24  -98.62  0.35E-08
271  0  39.29  -98.62  0.52E-08
271  0  39.34  -98.62  0.59E-08
271  0  39.39  -98.62  0.33E-08
271  0  39.44  -98.62  0.39E-09
271  0  38.54  -98.57  0.24E-10
271  0  38.59  -98.57  0.10E-09
271  0  38.64  -98.57  0.13E-09
271  0  38.69  -98.57  0.39E-10
271  0  38.74  -98.57  0.94E-10
271  0  38.79  -98.57  0.46E-09
271  0  38.84  -98.57  0.79E-09
271  0  38.89  -98.57  0.11E-08
271  0  38.94  -98.57  0.20E-08
271  0  38.99  -98.57  0.25E-08
271  0  39.04  -98.57  0.23E-08
271  0  39.09  -98.57  0.34E-08
271  0  39.14  -98.57  0.40E-08
271  0  39.19  -98.57  0.30E-08
271  0  39.24  -98.57  0.38E-08
271  0  39.29  -98.57  0.67E-08
271  0  39.34  -98.57  0.47E-08
271  0  39.39  -98.57  0.54E-08
271  0  39.44  -98.57  0.66E-09
271  0  39.49  -98.57  0.20E-09
271  0  38.59  -98.52  0.60E-10
271  0  38.64  -98.52  0.12E-09
271  0  38.69  -98.52  0.87E-10
271  0  38.74  -98.52  0.43E-10
271  0  38.79  -98.52  0.49E-09
271  0  38.84  -98.52  0.84E-09
271  0  38.89  -98.52  0.76E-09
271  0  38.94  -98.52  0.17E-08
271  0  38.99  -98.52  0.27E-08
271  0  39.04  -98.52  0.24E-08
271  0  39.09  -98.52  0.31E-08
271  0  39.14  -98.52  0.40E-08
271  0  39.19  -98.52  0.40E-08
271  0  39.24  -98.52  0.37E-08
271  0  39.29  -98.52  0.69E-08
271  0  39.34  -98.52  0.58E-08
271  0  39.39  -98.52  0.85E-08
271  0  39.44  -98.52  0.27E-08
271  0  39.49  -98.52  0.84E-09
271  0  38.59  -98.47  0.60E-10
271  0  38.64  -98.47  0.16E-09
271  0  38.69  -98.47  0.29E-09
271  0  38.74  -98.47  0.59E-10
271  0  38.79  -98.47  0.43E-09
271  0  38.84  -98.47  0.79E-09
271  0  38.89  -98.47  0.86E-09
271  0  38.94  -98.47  0.18E-08
271  0  38.99  -98.47  0.25E-08
271  0  39.04  -98.47  0.34E-08
271  0  39.09  -98.47  0.26E-08
271  0  39.14  -98.47  0.41E-08
271  0  39.19  -98.47  0.57E-08
271  0  39.24  -98.47  0.53E-08
271  0  39.29  -98.47  0.66E-08
271  0  39.34  -98.47  0.53E-08
271  0  39.39  -98.47  0.60E-08
271  0  39.44  -98.47  0.53E-08
271  0  39.49  -98.47  0.33E-08
271  0  39.54  -98.47  0.76E-09
271  0  39.59  -98.47  0.53E-09
271  0  38.59  -98.42  0.60E-10
271  0  38.64  -98.42  0.17E-09
271  0  38.69  -98.42  0.20E-09
271  0  38.74  -98.42  0.17E-09
271  0  38.79  -98.42  0.41E-09
271  0  38.84  -98.42  0.74E-09
271  0  38.89  -98.42  0.12E-08
271  0  38.94  -98.42  0.15E-08
271  0  38.99  -98.42  0.20E-08
271  0  39.04  -98.42  0.40E-08
271  0  39.09  -98.42  0.27E-08
271  0  39.14  -98.42  0.40E-08
271  0  39.19  -98.42  0.43E-08
271  0  39.24  -98.42  0.76E-08
271  0  39.29  -98.42  0.57E-08
271  0  39.34  -98.42  0.66E-08
271  0  39.39  -98.42  0.70E-08
271  0  39.44  -98.42  0.43E-08
271  0  39.49  -98.42  0.35E-08
271  0  39.54  -98.42  0.29E-08
271  0  39.59  -98.42  0.89E-09
271  0  39.64  -98.42  0.80E-09
271  0  38.64  -98.37  0.60E-10
271  0  38.69  -98.37  0.39E-09
271  0  38.74  -98.37  0.22E-09
271  0  38.79  -98.37  0.12E-09
271  0  38.84  -98.37  0.78E-09
271  0  38.89  -98.37  0.11E-08
271  0  38.94  -98.37  0.12E-08
271  0  38.99  -98.37  0.21E-08
271  0  39.04  -98.37  0.45E-08
271  0  39.09  -98.37  0.31E-08
271  0  39.14  -98.37  0.48E-08
271  0  39.19  -98.37  0.37E-08
271  0  39.24  -98.37  0.74E-08
271  0  39.29  -98.37  0.69E-08
271  0  39.34  -98.37  0.58E-08
271  0  39.39  -98.37  0.88E-08
271  0  39.44  -98.37  0.47E-08
271  0  39.49  -98.37  0.39E-08
271  0  39.54  -98.37  0.27E-08
271  0  39.59  -98.37  0.27E-08
271  0  39.64  -98.37  0.15E-08
271  0  39.69  -98.37  0.12E-08
271  0  38.49  -98.32  0.31E-11
271  0  38.54  -98.32  0.27E-10
271  0  38.64  -98.32  0.30E-09
271  0  38.69  -98.32  0.26E-09
271  0  38.74  -98.32  0.28E-09
271  0  38.79  -98.32  0.21E-09
271  0  38.84  -98.32  0.52E-09
271  0  38.89  -98.32  0.14E-08
271  0  38.94  -98.32  0.11E-08
271  0  38.99  -98.32  0.18E-08
271  0  39.04  -98.32  0.43E-08
271  0  39.09  -98.32  0.43E-08
271  0  39.14  -98.32  0.51E-08
271  0  39.19  -98.32  0.35E-08
271  0  39.24  -98.32  0.63E-08
271  0  39.29  -98.32  0.82E-08
271  0  39.34  -98.32  0.77E-08
271  0  39.39  -98.32  0.73E-08
271  0  39.44  -98.32  0.72E-08
271  0  39.49  -98.32  0.61E-08
271  0  39.54  -98.32  0.36E-08
271  0  39.59  -98.32  0.27E-08
271  0  39.64  -98.32  0.26E-08
271  0  39.69  -98.32  0.32E-08
271  0  39.74  -98.32  0.68E-09
271  0  38.49  -98.27  0.61E-11
271  0  38.54  -98.27  0.17E-10
271  0  38.59  -98.27  0.51E-10
271  0  38.64  -98.27  0.18E-09
271  0  38.69  -98.27  0.47E-09
271  0  38.74  -98.27  0.39E-09
271  0  38.79  -98.27  0.31E-09
271  0  38.84  -98.27  0.52E-09
271  0  38.89  -98.27  0.10E-08
271  0  38.94  -98.27  0.14E-08
271  0  38.99  -98.27  0.20E-08
271  0  39.04  -98.27  0.31E-08
271  0  39.09  -98.27  0.58E-08
271  0  39.14  -98.27  0.51E-08
271  0  39.19  -98.27  0.39E-08
271  0  39.24  -98.27  0.57E-08
271  0  39.29  -98.27  0.60E-08
271  0  39.34  -98.27  0.10E-07
271  0  39.39  -98.27  0.10E-07
271  0  39.44  -98.27  0.69E-08
271  0  39.49  -98.27  0.66E-08
271  0  39.54  -98.27  0.57E-08
271  0  39.59  -98.27  0.76E-08
271  0  39.64  -98.27  0.43E-08
271  0  39.69  -98.27  0.24E-08
271  0  39.74  -98.27  0.34E-08
271  0  38.54  -98.22  0.61E-11
271  0  38.59  -98.22  0.78E-10
271  0  38.69  -98.22  0.61E-09
271  0  38.74  -98.22  0.66E-09
271  0  38.79  -98.22  0.37E-09
271  0  38.84  -98.22  0.76E-09
271  0  38.89  -98.22  0.12E-08
271  0  38.94  -98.22  0.14E-08
271  0  38.99  -98.22  0.19E-08
271  0  39.04  -98.22  0.26E-08
271  0  39.09  -98.22  0.63E-08
271  0  39.14  -98.22  0.69E-08
271  0  39.19  -98.22  0.65E-08
271  0  39.24  -98.22  0.29E-08
271  0  39.29  -98.22  0.76E-08
271  0  39.34  -98.22  0.63E-08
271  0  39.39  -98.22  0.93E-08
271  0  39.44  -98.22  0.90E-08
271  0  39.49  -98.22  0.78E-08
271  0  39.54  -98.22  0.66E-08
271  0  39.59  -98.22  0.55E-08
271  0  39.64  -98.22  0.44E-08
271  0  39.69  -98.22  0.51E-08
271  0  39.74  -98.22  0.38E-08
271  0  38.54  -98.17  0.12E-10
271  0  38.59  -98.17  0.59E-10
271  0  38.64  -98.17  0.20E-10
271  0  38.69  -98.17  0.34E-09
271  0  38.74  -98.17  0.59E-09
271  0  38.79  -98.17  0.84E-09
271  0  38.84  -98.17  0.70E-09
271  0  38.89  -98.17  0.62E-09
271  0  38.94  -98.17  0.17E-08
271  0  38.99  -98.17  0.16E-08
271  0  39.04  -98.17  0.24E-08
271  0  39.09  -98.17  0.63E-08
271  0  39.14  -98.17  0.84E-08
271  0  39.19  -98.17  0.85E-08
271  0  39.24  -98.17  0.50E-08
271  0  39.29  -98.17  0.55E-08
271  0  39.34  -98.17  0.60E-08
271  0  39.39  -98.17  0.63E-08
271  0  39.44  -98.17  0.12E-07
271  0  39.49  -98.17  0.84E-08
271  0  39.54  -98.17  0.62E-08
271  0  39.59  -98.17  0.89E-08
271  0  39.64  -98.17  0.53E-08
271  0  39.69  -98.17  0.57E-08
271  0  39.74  -98.17  0.68E-08
271  0  38.54  -98.12  0.11E-10
271  0  38.59  -98.12  0.92E-11
271  0  38.64  -98.12  0.98E-10
271  0  38.69  -98.12  0.24E-10
271  0  38.74  -98.12  0.79E-09
271  0  38.79  -98.12  0.82E-09
271  0  38.84  -98.12  0.66E-09
271  0  38.89  -98.12  0.10E-08
271  0  38.94  -98.12  0.12E-08
271  0  38.99  -98.12  0.23E-08
271  0  39.04  -98.12  0.27E-08
271  0  39.09  -98.12  0.33E-08
271  0  39.14  -98.12  0.80E-08
271  0  39.19  -98.12  0.14E-07
271  0  39.24  -98.12  0.71E-08
271  0  39.29  -98.12  0.73E-08
271  0  39.34  -98.12  0.47E-08
271  0  39.39  -98.12  0.44E-08
271  0  39.44  -98.12  0.91E-08
271  0  39.49  -98.12  0.12E-07
271  0  39.54  -98.12  0.75E-08
271  0  39.59  -98.12  0.88E-08
271  0  39.64  -98.12  0.59E-08
271  0  39.69  -98.12  0.53E-08
271  0  39.74  -98.12  0.89E-08
271  0  39.79  -98.12  0.37E-08
271  0  38.54  -98.07  0.11E-10
271  0  38.59  -98.07  0.99E-11
271  0  38.64  -98.07  0.13E-09
271  0  38.74  -98.07  0.52E-09
271  0  38.79  -98.07  0.71E-09
271  0  38.84  -98.07  0.83E-09
271  0  38.89  -98.07  0.13E-08
271  0  38.94  -98.07  0.11E-08
271  0  38.99  -98.07  0.18E-08
271  0  39.04  -98.07  0.22E-08
271  0  39.09  -98.07  0.56E-08
271  0  39.14  -98.07  0.60E-08
271  0  39.19  -98.07  0.88E-08
271  0  39.24  -98.07  0.14E-07
271  0  39.29  -98.07  0.84E-08
271  0  39.34  -98.07  0.75E-08
271  0  39.39  -98.07  0.63E-08
271  0  39.44  -98.07  0.42E-08
271  0  39.49  -98.07  0.76E-08
271  0  39.54  -98.07  0.11E-07
271  0  39.59  -98.07  0.11E-07
271  0  39.64  -98.07  0.89E-08
271  0  39.69  -98.07  0.77E-08
271  0  39.74  -98.07  0.65E-08
271  0  39.79  -98.07  0.47E-08
271  0  39.84  -98.07  0.33E-08
271  0  39.89  -98.07  0.29E-08
271  0  38.59  -98.02  0.20E-10
271  0  38.64  -98.02  0.60E-10
271  0  38.69  -98.02  0.74E-10
271  0  38.74  -98.02  0.16E-09
271  0  38.79  -98.02  0.89E-09
271  0  38.84  -98.02  0.90E-09
271  0  38.89  -98.02  0.13E-08
271  0  38.94  -98.02  0.13E-08
271  0  38.99  -98.02  0.21E-08
271  0  39.04  -98.02  0.26E-08
271  0  39.09  -98.02  0.56E-08
271  0  39.14  -98.02  0.52E-08
271  0  39.19  -98.02  0.97E-08
271  0  39.24  -98.02  0.14E-07
271  0  39.29  -98.02  0.15E-07
271  0  39.34  -98.02  0.91E-08
271  0  39.39  -98.02  0.10E-07
271  0  39.44  -98.02  0.74E-08
271  0  39.49  -98.02  0.48E-08
271  0  39.54  -98.02  0.70E-08
271  0  39.59  -98.02  0.83E-08
271  0  39.64  -98.02  0.92E-08
271  0  39.69  -98.02  0.85E-08
271  0  39.74  -98.02  0.76E-08
271  0  39.79  -98.02  0.44E-08
271  0  39.84  -98.02  0.27E-08
271  0  39.89  -98.02  0.96E-09
271  0  39.94  -98.02  0.11E-08
271  0  38.49  -97.97  0.25E-10
271  0  38.54  -97.97  0.84E-11
271  0  38.59  -97.97  0.16E-10
271  0  38.64  -97.97  0.64E-10
271  0  38.69  -97.97  0.22E-09
271  0  38.74  -97.97  0.86E-10
271  0  38.79  -97.97  0.80E-09
271  0  38.84  -97.97  0.95E-09
271  0  38.89  -97.97  0.12E-08
271  0  38.94  -97.97  0.17E-08
271  0  38.99  -97.97  0.15E-08
271  0  39.04  -97.97  0.31E-08
271  0  39.09  -97.97  0.31E-08
271  0  39.14  -97.97  0.48E-08
271  0  39.19  -97.97  0.79E-08
271  0  39.24  -97.97  0.15E-07
271  0  39.29  -97.97  0.15E-07
271  0  39.34  -97.97  0.15E-07
271  0  39.39  -97.97  0.15E-07
271  0  39.44  -97.97  0.11E-07
271  0  39.49  -97.97  0.96E-08
271  0  39.54  -97.97  0.83E-08
271  0  39.59  -97.97  0.74E-08
271  0  39.64  -97.97  0.71E-08
271  0  39.69  -97.97  0.12E-07
271  0  39.74  -97.97  0.87E-08
271  0  39.79  -97.97  0.47E-08
271  0  39.84  -97.97  0.14E-08
271  0  39.89  -97.97  0.23E-08
271  0  39.94  -97.97  0.13E-08
271  0  38.54  -97.92  0.34E-10
271  0  38.59  -97.92  0.27E-10
271  0  38.64  -97.92  0.41E-10
271  0  38.69  -97.92  0.23E-09
271  0  38.74  -97.92  0.18E-09
271  0  38.79  -97.92  0.62E-09
271  0  38.84  -97.92  0.11E-08
271  0  38.89  -97.92  0.13E-08
271  0  38.94  -97.92  0.19E-08
271  0  38.99  -97.92  0.16E-08
271  0  39.04  -97.92  0.28E-08
271  0  39.09  -97.92  0.45E-08
271  0  39.14  -97.92  0.42E-08
271  0  39.19  -97.92  0.63E-08
271  0  39.24  -97.92  0.10E-07
271  0  39.29  -97.92  0.12E-07
271  0  39.34  -97.92  0.96E-08
271  0  39.39  -97.92  0.11E-07
271  0  39.44  -97.92  0.15E-07
271  0  39.49  -97.92  0.10E-07
271  0  39.54  -97.92  0.65E-08
271  0  39.59  -97.92  0.86E-08
271  0  39.64  -97.92  0.68E-08
271  0  39.69  -97.92  0.92E-08
271  0  39.74  -97.92  0.97E-08
271  0  39.79  -97.92  0.71E-08
271  0  39.84  -97.92  0.46E-08
271  0  39.89  -97.92  0.20E-08
271  0  39.94  -97.92  0.19E-08
271  0  38.44  -97.87  0.48E-10
271  0  38.54  -97.87  0.49E-11
271  0  38.59  -97.87  0.34E-10
271  0  38.64  -97.87  0.48E-10
271  0  38.69  -97.87  0.48E-10
271  0  38.74  -97.87  0.54E-09
271  0  38.79  -97.87  0.41E-09
271  0  38.84  -97.87  0.15E-08
271  0  38.89  -97.87  0.12E-08
271  0  38.94  -97.87  0.21E-08
271  0  38.99  -97.87  0.29E-08
271  0  39.04  -97.87  0.32E-08
271  0  39.09  -97.87  0.37E-08
271  0  39.14  -97.87  0.48E-08
271  0  39.19  -97.87  0.42E-08
271  0  39.24  -97.87  0.87E-08
271  0  39.29  -97.87  0.12E-07
271  0  39.34  -97.87  0.14E-07
271  0  39.39  -97.87  0.11E-07
271  0  39.44  -97.87  0.12E-07
271  0  39.49  -97.87  0.13E-07
271  0  39.54  -97.87  0.13E-07
271  0  39.59  -97.87  0.88E-08
271  0  39.64  -97.87  0.87E-08
271  0  39.69  -97.87  0.11E-07
271  0  39.74  -97.87  0.11E-07
271  0  39.79  -97.87  0.85E-08
271  0  39.84  -97.87  0.31E-08
271  0  39.89  -97.87  0.22E-08
271  0  39.94  -97.87  0.17E-08
271  0  39.99  -97.87  0.17E-08
271  0  40.04  -97.87  0.34E-09
271  0  38.44  -97.82  0.10E-09
271  0  38.54  -97.82  0.49E-11
271  0  38.59  -97.82  0.35E-09
271  0  38.64  -97.82  0.66E-10
271  0  38.69  -97.82  0.43E-10
271  0  38.74  -97.82  0.38E-09
271  0  38.79  -97.82  0.38E-09
271  0  38.84  -97.82  0.13E-08
271  0  38.89  -97.82  0.13E-08
271  0  38.94  -97.82  0.16E-08
271  0  38.99  -97.82  0.17E-08
271  0  39.04  -97.82  0.23E-08
271  0  39.09  -97.82  0.39E-08
271  0  39.14  -97.82  0.42E-08
271  0  39.19  -97.82  0.60E-08
271  0  39.24  -97.82  0.69E-08
271  0  39.29  -97.82  0.94E-08
271  0  39.34  -97.82  0.17E-07
271  0  39.39  -97.82  0.16E-07
271  0  39.44  -97.82  0.11E-07
271  0  39.49  -97.82  0.12E-07
271  0  39.54  -97.82  0.12E-07
271  0  39.59  -97.82  0.84E-08
271  0  39.64  -97.82  0.73E-08
271  0  39.69  -97.82  0.10E-07
271  0  39.74  -97.82  0.83E-08
271  0  39.79  -97.82  0.96E-08
271  0  39.84  -97.82  0.86E-08
271  0  39.89  -97.82  0.52E-08
271  0  39.94  -97.82  0.11E-08
271  0  40.04  -97.82  0.68E-09
271  0  38.44  -97.77  0.44E-10
271  0  38.49  -97.77  0.12E-09
271  0  38.54  -97.77  0.85E-10
271  0  38.59  -97.77  0.45E-09
271  0  38.64  -97.77  0.42E-09
271  0  38.69  -97.77  0.61E-10
271  0  38.74  -97.77  0.20E-09
271  0  38.79  -97.77  0.67E-09
271  0  38.84  -97.77  0.15E-08
271  0  38.89  -97.77  0.13E-08
271  0  38.94  -97.77  0.15E-08
271  0  38.99  -97.77  0.19E-08
271  0  39.04  -97.77  0.23E-08
271  0  39.09  -97.77  0.37E-08
271  0  39.14  -97.77  0.49E-08
271  0  39.19  -97.77  0.69E-08
271  0  39.24  -97.77  0.69E-08
271  0  39.29  -97.77  0.75E-08
271  0  39.34  -97.77  0.11E-07
271  0  39.39  -97.77  0.17E-07
271  0  39.44  -97.77  0.16E-07
271  0  39.49  -97.77  0.12E-07
271  0  39.54  -97.77  0.12E-07
271  0  39.59  -97.77  0.11E-07
271  0  39.64  -97.77  0.91E-08
271  0  39.69  -97.77  0.12E-07
271  0  39.74  -97.77  0.97E-08
271  0  39.79  -97.77  0.65E-08
271  0  39.84  -97.77  0.60E-08
271  0  39.89  -97.77  0.73E-08
271  0  39.94  -97.77  0.36E-08
271  0  40.04  -97.77  0.62E-09
271  0  38.49  -97.72  0.15E-09
271  0  38.54  -97.72  0.14E-10
271  0  38.59  -97.72  0.17E-09
271  0  38.64  -97.72  0.60E-09
271  0  38.69  -97.72  0.42E-09
271  0  38.74  -97.72  0.92E-10
271  0  38.79  -97.72  0.55E-09
271  0  38.84  -97.72  0.82E-09
271  0  38.89  -97.72  0.21E-08
271  0  38.94  -97.72  0.20E-08
271  0  38.99  -97.72  0.24E-08
271  0  39.04  -97.72  0.18E-08
271  0  39.09  -97.72  0.20E-08
271  0  39.14  -97.72  0.34E-08
271  0  39.19  -97.72  0.59E-08
271  0  39.24  -97.72  0.88E-08
271  0  39.29  -97.72  0.90E-08
271  0  39.34  -97.72  0.11E-07
271  0  39.39  -97.72  0.11E-07
271  0  39.44  -97.72  0.17E-07
271  0  39.49  -97.72  0.15E-07
271  0  39.54  -97.72  0.12E-07
271  0  39.59  -97.72  0.13E-07
271  0  39.64  -97.72  0.66E-08
271  0  39.69  -97.72  0.94E-08
271  0  39.74  -97.72  0.14E-07
271  0  39.79  -97.72  0.70E-08
271  0  39.84  -97.72  0.34E-08
271  0  39.89  -97.72  0.35E-08
271  0  39.94  -97.72  0.55E-08
271  0  39.99  -97.72  0.91E-09
271  0  40.04  -97.72  0.62E-09
271  0  38.54  -97.67  0.13E-09
271  0  38.59  -97.67  0.87E-10
271  0  38.64  -97.67  0.23E-09
271  0  38.69  -97.67  0.48E-09
271  0  38.74  -97.67  0.37E-09
271  0  38.79  -97.67  0.40E-09
271  0  38.84  -97.67  0.63E-09
271  0  38.89  -97.67  0.18E-08
271  0  38.94  -97.67  0.20E-08
271  0  38.99  -97.67  0.23E-08
271  0  39.04  -97.67  0.34E-08
271  0  39.09  -97.67  0.23E-08
271  0  39.14  -97.67  0.24E-08
271  0  39.19  -97.67  0.29E-08
271  0  39.24  -97.67  0.42E-08
271  0  39.29  -97.67  0.58E-08
271  0  39.34  -97.67  0.10E-07
271  0  39.39  -97.67  0.14E-07
271  0  39.44  -97.67  0.16E-07
271  0  39.49  -97.67  0.17E-07
271  0  39.54  -97.67  0.17E-07
271  0  39.59  -97.67  0.73E-08
271  0  39.64  -97.67  0.84E-08
271  0  39.69  -97.67  0.11E-07
271  0  39.74  -97.67  0.15E-07
271  0  39.79  -97.67  0.10E-07
271  0  39.84  -97.67  0.38E-08
271  0  39.89  -97.67  0.47E-08
271  0  39.94  -97.67  0.39E-08
271  0  39.99  -97.67  0.98E-09
271  0  40.04  -97.67  0.62E-09
271  0  38.54  -97.62  0.11E-09
271  0  38.59  -97.62  0.95E-10
271  0  38.64  -97.62  0.12E-09
271  0  38.69  -97.62  0.60E-09
271  0  38.74  -97.62  0.22E-09
271  0  38.79  -97.62  0.70E-09
271  0  38.84  -97.62  0.59E-09
271  0  38.89  -97.62  0.11E-08
271  0  38.94  -97.62  0.23E-08
271  0  38.99  -97.62  0.17E-08
271  0  39.04  -97.62  0.28E-08
271  0  39.09  -97.62  0.33E-08
271  0  39.14  -97.62  0.35E-08
271  0  39.19  -97.62  0.27E-08
271  0  39.24  -97.62  0.33E-08
271  0  39.29  -97.62  0.50E-08
271  0  39.34  -97.62  0.74E-08
271  0  39.39  -97.62  0.14E-07
271  0  39.44  -97.62  0.13E-07
271  0  39.49  -97.62  0.19E-07
271  0  39.54  -97.62  0.19E-07
271  0  39.59  -97.62  0.13E-07
271  0  39.64  -97.62  0.95E-08
271  0  39.69  -97.62  0.85E-08
271  0  39.74  -97.62  0.12E-07
271  0  39.79  -97.62  0.86E-08
271  0  39.84  -97.62  0.57E-08
271  0  39.89  -97.62  0.60E-08
271  0  39.94  -97.62  0.39E-08
271  0  39.99  -97.62  0.29E-08
271  0  40.04  -97.62  0.11E-08
271  0  38.59  -97.57  0.16E-09
271  0  38.64  -97.57  0.79E-10
271  0  38.69  -97.57  0.25E-09
271  0  38.74  -97.57  0.56E-09
271  0  38.79  -97.57  0.74E-09
271  0  38.84  -97.57  0.69E-09
271  0  38.89  -97.57  0.93E-09
271  0  38.94  -97.57  0.15E-08
271  0  38.99  -97.57  0.26E-08
271  0  39.04  -97.57  0.19E-08
271  0  39.09  -97.57  0.40E-08
271  0  39.14  -97.57  0.51E-08
271  0  39.19  -97.57  0.88E-08
271  0  39.24  -97.57  0.58E-08
271  0  39.29  -97.57  0.70E-08
271  0  39.34  -97.57  0.12E-07
271  0  39.39  -97.57  0.16E-07
271  0  39.44  -97.57  0.15E-07
271  0  39.49  -97.57  0.16E-07
271  0  39.54  -97.57  0.16E-07
271  0  39.59  -97.57  0.13E-07
271  0  39.64  -97.57  0.12E-07
271  0  39.69  -97.57  0.82E-08
271  0  39.74  -97.57  0.95E-08
271  0  39.79  -97.57  0.84E-08
271  0  39.84  -97.57  0.58E-08
271  0  39.89  -97.57  0.76E-08
271  0  39.94  -97.57  0.49E-08
271  0  39.99  -97.57  0.18E-08
271  0  40.04  -97.57  0.11E-08
271  0  38.59  -97.52  0.45E-10
271  0  38.64  -97.52  0.22E-09
271  0  38.69  -97.52  0.12E-09
271  0  38.74  -97.52  0.78E-09
271  0  38.79  -97.52  0.50E-09
271  0  38.84  -97.52  0.80E-09
271  0  38.89  -97.52  0.11E-08
271  0  38.94  -97.52  0.13E-08
271  0  38.99  -97.52  0.22E-08
271  0  39.04  -97.52  0.25E-08
271  0  39.09  -97.52  0.19E-08
271  0  39.14  -97.52  0.40E-08
271  0  39.19  -97.52  0.46E-08
271  0  39.24  -97.52  0.56E-08
271  0  39.29  -97.52  0.59E-08
271  0  39.34  -97.52  0.81E-08
271  0  39.39  -97.52  0.13E-07
271  0  39.44  -97.52  0.14E-07
271  0  39.49  -97.52  0.16E-07
271  0  39.54  -97.52  0.12E-07
271  0  39.59  -97.52  0.13E-07
271  0  39.64  -97.52  0.16E-07
271  0  39.69  -97.52  0.17E-07
271  0  39.74  -97.52  0.93E-08
271  0  39.79  -97.52  0.33E-08
271  0  39.84  -97.52  0.28E-08
271  0  39.89  -97.52  0.56E-08
271  0  39.94  -97.52  0.51E-08
271  0  39.99  -97.52  0.35E-08
271  0  40.04  -97.52  0.80E-09
271  0  38.59  -97.47  0.68E-11
271  0  38.64  -97.47  0.14E-09
271  0  38.69  -97.47  0.32E-09
271  0  38.74  -97.47  0.27E-09
271  0  38.79  -97.47  0.20E-08
271  0  38.84  -97.47  0.88E-09
271  0  38.89  -97.47  0.77E-09
271  0  38.94  -97.47  0.12E-08
271  0  38.99  -97.47  0.18E-08
271  0  39.04  -97.47  0.25E-08
271  0  39.09  -97.47  0.38E-08
271  0  39.14  -97.47  0.41E-08
271  0  39.19  -97.47  0.61E-08
271  0  39.24  -97.47  0.69E-08
271  0  39.29  -97.47  0.66E-08
271  0  39.34  -97.47  0.10E-07
271  0  39.39  -97.47  0.14E-07
271  0  39.44  -97.47  0.13E-07
271  0  39.49  -97.47  0.19E-07
271  0  39.54  -97.47  0.14E-07
271  0  39.59  -97.47  0.88E-08
271  0  39.64  -97.47  0.15E-07
271  0  39.69  -97.47  0.12E-07
271  0  39.74  -97.47  0.15E-07
271  0  39.79  -97.47  0.62E-08
271  0  39.84  -97.47  0.37E-08
271  0  39.89  -97.47  0.37E-08
271  0  39.94  -97.47  0.30E-08
271  0  39.99  -97.47  0.25E-08
271  0  40.04  -97.47  0.11E-08
271  0  38.54  -97.42  0.74E-11
271  0  38.59  -97.42  0.22E-10
271  0  38.64  -97.42  0.86E-10
271  0  38.69  -97.42  0.15E-09
271  0  38.74  -97.42  0.66E-09
271  0  38.79  -97.42  0.10E-08
271  0  38.84  -97.42  0.15E-08
271  0  38.89  -97.42  0.10E-08
271  0  38.94  -97.42  0.11E-08
271  0  38.99  -97.42  0.18E-08
271  0  39.04  -97.42  0.19E-08
271  0  39.09  -97.42  0.32E-08
271  0  39.14  -97.42  0.21E-08
271  0  39.19  -97.42  0.37E-08
271  0  39.24  -97.42  0.57E-08
271  0  39.29  -97.42  0.94E-08
271  0  39.34  -97.42  0.89E-08
271  0  39.39  -97.42  0.19E-07
271  0  39.44  -97.42  0.17E-07
271  0  39.49  -97.42  0.15E-07
271  0  39.54  -97.42  0.17E-07
271  0  39.59  -97.42  0.12E-07
271  0  39.64  -97.42  0.15E-07
271  0  39.69  -97.42  0.19E-07
271  0  39.74  -97.42  0.17E-07
271  0  39.79  -97.42  0.13E-07
271  0  39.84  -97.42  0.55E-08
271  0  39.89  -97.42  0.59E-08
271  0  39.94  -97.42  0.40E-08
271  0  39.99  -97.42  0.14E-08
271  0  40.04  -97.42  0.10E-08
271  0  38.59  -97.37  0.22E-10
271  0  38.64  -97.37  0.14E-09
271  0  38.69  -97.37  0.22E-09
271  0  38.74  -97.37  0.50E-09
271  0  38.79  -97.37  0.96E-09
271  0  38.84  -97.37  0.17E-08
271  0  38.89  -97.37  0.17E-08
271  0  38.94  -97.37  0.11E-08
271  0  38.99  -97.37  0.16E-08
271  0  39.04  -97.37  0.29E-08
271  0  39.09  -97.37  0.24E-08
271  0  39.14  -97.37  0.41E-08
271  0  39.19  -97.37  0.36E-08
271  0  39.24  -97.37  0.39E-08
271  0  39.29  -97.37  0.76E-08
271  0  39.34  -97.37  0.14E-07
271  0  39.39  -97.37  0.11E-07
271  0  39.44  -97.37  0.15E-07
271  0  39.49  -97.37  0.13E-07
271  0  39.54  -97.37  0.15E-07
271  0  39.59  -97.37  0.15E-07
271  0  39.64  -97.37  0.17E-07
271  0  39.69  -97.37  0.13E-07
271  0  39.74  -97.37  0.12E-07
271  0  39.79  -97.37  0.12E-07
271  0  39.84  -97.37  0.51E-08
271  0  39.89  -97.37  0.46E-08
271  0  39.94  -97.37  0.46E-08
271  0  39.99  -97.37  0.17E-08
271  0  40.04  -97.37  0.88E-09
271  0  38.49  -97.32  0.87E-10
271  0  38.59  -97.32  0.16E-10
271  0  38.64  -97.32  0.17E-09
271  0  38.69  -97.32  0.37E-09
271  0  38.74  -97.32  0.59E-09
271  0  38.79  -97.32  0.11E-08
271  0  38.84  -97.32  0.78E-09
271  0  38.89  -97.32  0.17E-08
271  0  38.94  -97.32  0.17E-08
271  0  38.99  -97.32  0.18E-08
271  0  39.04  -97.32  0.25E-08
271  0  39.09  -97.32  0.34E-08
271  0  39.14  -97.32  0.35E-08
271  0  39.19  -97.32  0.47E-08
271  0  39.24  -97.32  0.47E-08
271  0  39.29  -97.32  0.45E-08
271  0  39.34  -97.32  0.12E-07
271  0  39.39  -97.32  0.17E-07
271  0  39.44  -97.32  0.16E-07
271  0  39.49  -97.32  0.13E-07
271  0  39.54  -97.32  0.18E-07
271  0  39.59  -97.32  0.14E-07
271  0  39.64  -97.32  0.16E-07
271  0  39.69  -97.32  0.16E-07
271  0  39.74  -97.32  0.98E-08
271  0  39.79  -97.32  0.11E-07
271  0  39.84  -97.32  0.79E-08
271  0  39.89  -97.32  0.90E-08
271  0  39.94  -97.32  0.68E-08
271  0  39.99  -97.32  0.44E-08
271  0  40.04  -97.32  0.52E-09
271  0  38.49  -97.27  0.11E-09
271  0  38.54  -97.27  0.23E-09
271  0  38.64  -97.27  0.46E-09
271  0  38.69  -97.27  0.64E-09
271  0  38.74  -97.27  0.21E-09
271  0  38.79  -97.27  0.97E-09
271  0  38.84  -97.27  0.21E-08
271  0  38.89  -97.27  0.65E-09
271  0  38.94  -97.27  0.21E-08
271  0  38.99  -97.27  0.19E-08
271  0  39.04  -97.27  0.17E-08
271  0  39.09  -97.27  0.30E-08
271  0  39.14  -97.27  0.45E-08
271  0  39.19  -97.27  0.39E-08
271  0  39.24  -97.27  0.48E-08
271  0  39.29  -97.27  0.71E-08
271  0  39.34  -97.27  0.14E-07
271  0  39.39  -97.27  0.18E-07
271  0  39.44  -97.27  0.11E-07
271  0  39.49  -97.27  0.14E-07
271  0  39.54  -97.27  0.18E-07
271  0  39.59  -97.27  0.16E-07
271  0  39.64  -97.27  0.15E-07
271  0  39.69  -97.27  0.14E-07
271  0  39.74  -97.27  0.16E-07
271  0  39.79  -97.27  0.91E-08
271  0  39.84  -97.27  0.60E-08
271  0  39.89  -97.27  0.72E-08
271  0  39.94  -97.27  0.62E-08
271  0  39.99  -97.27  0.70E-08
271  0  40.04  -97.27  0.20E-08
271  0  38.54  -97.22  0.37E-09
271  0  38.59  -97.22  0.52E-11
271  0  38.64  -97.22  0.11E-09
271  0  38.69  -97.22  0.11E-08
271  0  38.74  -97.22  0.65E-09
271  0  38.79  -97.22  0.58E-09
271  0  38.84  -97.22  0.93E-09
271  0  38.89  -97.22  0.29E-08
271  0  38.94  -97.22  0.12E-08
271  0  38.99  -97.22  0.22E-08
271  0  39.04  -97.22  0.28E-08
271  0  39.09  -97.22  0.17E-08
271  0  39.14  -97.22  0.33E-08
271  0  39.19  -97.22  0.38E-08
271  0  39.24  -97.22  0.51E-08
271  0  39.29  -97.22  0.14E-07
271  0  39.34  -97.22  0.13E-07
271  0  39.39  -97.22  0.12E-07
271  0  39.44  -97.22  0.12E-07
271  0  39.49  -97.22  0.15E-07
271  0  39.54  -97.22  0.13E-07
271  0  39.59  -97.22  0.18E-07
271  0  39.64  -97.22  0.17E-07
271  0  39.69  -97.22  0.17E-07
271  0  39.74  -97.22  0.12E-07
271  0  39.79  -97.22  0.10E-07
271  0  39.84  -97.22  0.71E-08
271  0  39.89  -97.22  0.86E-08
271  0  39.94  -97.22  0.74E-08
271  0  39.99  -97.22  0.36E-08
271  0  40.04  -97.22  0.35E-08
271  0  40.09  -97.22  0.15E-08
271  0  38.49  -97.17  0.16E-10
271  0  38.54  -97.17  0.31E-09
271  0  38.59  -97.17  0.39E-09
271  0  38.64  -97.17  0.12E-10
271  0  38.69  -97.17  0.49E-09
271  0  38.74  -97.17  0.14E-08
271  0  38.79  -97.17  0.65E-09
271  0  38.84  -97.17  0.99E-09
271  0  38.89  -97.17  0.10E-08
271  0  38.94  -97.17  0.33E-08
271  0  38.99  -97.17  0.23E-08
271  0  39.04  -97.17  0.25E-08
271  0  39.09  -97.17  0.36E-08
271  0  39.14  -97.17  0.39E-08
271  0  39.19  -97.17  0.53E-08
271  0  39.24  -97.17  0.62E-08
271  0  39.29  -97.17  0.13E-07
271  0  39.34  -97.17  0.19E-07
271  0  39.39  -97.17  0.15E-07
271  0  39.44  -97.17  0.10E-07
271  0  39.49  -97.17  0.19E-07
271  0  39.54  -97.17  0.14E-07
271  0  39.59  -97.17  0.15E-07
271  0  39.64  -97.17  0.18E-07
271  0  39.69  -97.17  0.14E-07
271  0  39.74  -97.17  0.12E-07
271  0  39.79  -97.17  0.10E-07
271  0  39.84  -97.17  0.56E-08
271  0  39.89  -97.17  0.50E-08
271  0  39.94  -97.17  0.80E-08
271  0  39.99  -97.17  0.54E-08
271  0  40.04  -97.17  0.17E-08
271  0  40.09  -97.17  0.12E-08
271  0  38.49  -97.12  0.30E-10
271  0  38.54  -97.12  0.12E-09
271  0  38.59  -97.12  0.58E-09
271  0  38.64  -97.12  0.28E-09
271  0  38.69  -97.12  0.42E-10
271  0  38.74  -97.12  0.16E-08
271  0  38.79  -97.12  0.84E-09
271  0  38.84  -97.12  0.14E-08
271  0  38.89  -97.12  0.14E-08
271  0  38.94  -97.12  0.12E-08
271  0  38.99  -97.12  0.29E-08
271  0  39.04  -97.12  0.28E-08
271  0  39.09  -97.12  0.34E-08
271  0  39.14  -97.12  0.36E-08
271  0  39.19  -97.12  0.69E-08
271  0  39.24  -97.12  0.12E-07
271  0  39.29  -97.12  0.19E-07
271  0  39.34  -97.12  0.14E-07
271  0  39.39  -97.12  0.11E-07
271  0  39.44  -97.12  0.16E-07
271  0  39.49  -97.12  0.18E-07
271  0  39.54  -97.12  0.14E-07
271  0  39.59  -97.12  0.15E-07
271  0  39.64  -97.12  0.17E-07
271  0  39.69  -97.12  0.17E-07
271  0  39.74  -97.12  0.12E-07
271  0  39.79  -97.12  0.11E-07
271  0  39.84  -97.12  0.71E-08
271  0  39.89  -97.12  0.51E-08
271  0  39.94  -97.12  0.82E-08
271  0  39.99  -97.12  0.47E-08
271  0  40.04  -97.12  0.26E-08
271  0  40.09  -97.12  0.16E-08
271  0  38.54  -97.07  0.58E-10
271  0  38.59  -97.07  0.18E-09
271  0  38.64  -97.07  0.93E-09
271  0  38.69  -97.07  0.43E-09
271  0  38.74  -97.07  0.52E-10
271  0  38.79  -97.07  0.22E-08
271  0  38.84  -97.07  0.13E-08
271  0  38.89  -97.07  0.18E-08
271  0  38.94  -97.07  0.20E-08
271  0  38.99  -97.07  0.16E-08
271  0  39.04  -97.07  0.33E-08
271  0  39.09  -97.07  0.27E-08
271  0  39.14  -97.07  0.44E-08
271  0  39.19  -97.07  0.65E-08
271  0  39.24  -97.07  0.13E-07
271  0  39.29  -97.07  0.17E-07
271  0  39.34  -97.07  0.18E-07
271  0  39.39  -97.07  0.19E-07
271  0  39.44  -97.07  0.20E-07
271  0  39.49  -97.07  0.24E-07
271  0  39.54  -97.07  0.18E-07
271  0  39.59  -97.07  0.18E-07
271  0  39.64  -97.07  0.18E-07
271  0  39.69  -97.07  0.16E-07
271  0  39.74  -97.07  0.15E-07
271  0  39.79  -97.07  0.12E-07
271  0  39.84  -97.07  0.64E-08
271  0  39.89  -97.07  0.71E-08
271  0  39.94  -97.07  0.38E-08
271  0  39.99  -97.07  0.27E-08
271  0  40.04  -97.07  0.74E-09
271  0  40.09  -97.07  0.14E-08
271  0  38.49  -97.02  0.27E-10
271  0  38.54  -97.02  0.17E-10
271  0  38.59  -97.02  0.72E-10
271  0  38.64  -97.02  0.19E-09
271  0  38.69  -97.02  0.99E-09
271  0  38.74  -97.02  0.60E-09
271  0  38.79  -97.02  0.44E-09
271  0  38.84  -97.02  0.23E-08
271  0  38.89  -97.02  0.19E-08
271  0  38.94  -97.02  0.28E-08
271  0  38.99  -97.02  0.19E-08
271  0  39.04  -97.02  0.21E-08
271  0  39.09  -97.02  0.37E-08
271  0  39.14  -97.02  0.44E-08
271  0  39.19  -97.02  0.70E-08
271  0  39.24  -97.02  0.17E-07
271  0  39.29  -97.02  0.18E-07
271  0  39.34  -97.02  0.17E-07
271  0  39.39  -97.02  0.19E-07
271  0  39.44  -97.02  0.22E-07
271  0  39.49  -97.02  0.21E-07
271  0  39.54  -97.02  0.21E-07
271  0  39.59  -97.02  0.22E-07
271  0  39.64  -97.02  0.24E-07
271  0  39.69  -97.02  0.18E-07
271  0  39.74  -97.02  0.19E-07
271  0  39.79  -97.02  0.12E-07
271  0  39.84  -97.02  0.13E-07
271  0  39.89  -97.02  0.89E-08
271  0  39.94  -97.02  0.45E-08
271  0  39.99  -97.02  0.52E-08
271  0  40.04  -97.02  0.18E-08
271  0  40.09  -97.02  0.11E-08
271  0  38.54  -96.97  0.43E-10
271  0  38.59  -96.97  0.85E-11
271  0  38.64  -96.97  0.73E-10
271  0  38.69  -96.97  0.10E-09
271  0  38.74  -96.97  0.11E-08
271  0  38.79  -96.97  0.76E-09
271  0  38.84  -96.97  0.15E-08
271  0  38.89  -96.97  0.17E-08
271  0  38.94  -96.97  0.19E-08
271  0  38.99  -96.97  0.32E-08
271  0  39.04  -96.97  0.23E-08
271  0  39.09  -96.97  0.49E-08
271  0  39.14  -96.97  0.56E-08
271  0  39.19  -96.97  0.12E-07
271  0  39.24  -96.97  0.19E-07
271  0  39.29  -96.97  0.17E-07
271  0  39.34  -96.97  0.18E-07
271  0  39.39  -96.97  0.22E-07
271  0  39.44  -96.97  0.20E-07
271  0  39.49  -96.97  0.20E-07
271  0  39.54  -96.97  0.19E-07
271  0  39.59  -96.97  0.17E-07
271  0  39.64  -96.97  0.22E-07
271  0  39.69  -96.97  0.16E-07
271  0  39.74  -96.97  0.16E-07
271  0  39.79  -96.97  0.12E-07
271  0  39.84  -96.97  0.82E-08
271  0  39.89  -96.97  0.87E-08
271  0  39.94  -96.97  0.44E-08
271  0  39.99  -96.97  0.25E-08
271  0  40.04  -96.97  0.16E-08
271  0  40.09  -96.97  0.46E-09
271  0  38.54  -96.92  0.13E-10
271  0  38.59  -96.92  0.12E-09
271  0  38.64  -96.92  0.42E-09
271  0  38.69  -96.92  0.12E-09
271  0  38.74  -96.92  0.16E-09
271  0  38.79  -96.92  0.10E-08
271  0  38.84  -96.92  0.11E-08
271  0  38.89  -96.92  0.19E-08
271  0  38.94  -96.92  0.17E-08
271  0  38.99  -96.92  0.25E-08
271  0  39.04  -96.92  0.35E-08
271  0  39.09  -96.92  0.22E-08
271  0  39.14  -96.92  0.61E-08
271  0  39.19  -96.92  0.13E-07
271  0  39.24  -96.92  0.18E-07
271  0  39.29  -96.92  0.18E-07
271  0  39.34  -96.92  0.19E-07
271  0  39.39  -96.92  0.25E-07
271  0  39.44  -96.92  0.22E-07
271  0  39.49  -96.92  0.16E-07
271  0  39.54  -96.92  0.19E-07
271  0  39.59  -96.92  0.24E-07
271  0  39.64  -96.92  0.18E-07
271  0  39.69  -96.92  0.18E-07
271  0  39.74  -96.92  0.20E-07
271  0  39.79  -96.92  0.74E-08
271  0  39.84  -96.92  0.90E-08
271  0  39.89  -96.92  0.83E-08
271  0  39.94  -96.92  0.51E-08
271  0  39.99  -96.92  0.11E-07
271  0  40.04  -96.92  0.27E-08
271  0  38.59  -96.87  0.59E-10
271  0  38.64  -96.87  0.30E-09
271  0  38.69  -96.87  0.92E-09
271  0  38.74  -96.87  0.40E-09
271  0  38.79  -96.87  0.11E-08
271  0  38.84  -96.87  0.10E-08
271  0  38.89  -96.87  0.24E-08
271  0  38.94  -96.87  0.28E-08
271  0  38.99  -96.87  0.21E-08
271  0  39.04  -96.87  0.16E-08
271  0  39.09  -96.87  0.41E-08
271  0  39.14  -96.87  0.43E-08
271  0  39.19  -96.87  0.16E-07
271  0  39.24  -96.87  0.17E-07
271  0  39.29  -96.87  0.18E-07
271  0  39.34  -96.87  0.22E-07
271  0  39.39  -96.87  0.23E-07
271  0  39.44  -96.87  0.24E-07
271  0  39.49  -96.87  0.24E-07
271  0  39.54  -96.87  0.24E-07
271  0  39.59  -96.87  0.22E-07
271  0  39.64  -96.87  0.21E-07
271  0  39.69  -96.87  0.19E-07
271  0  39.74  -96.87  0.17E-07
271  0  39.79  -96.87  0.12E-07
271  0  39.84  -96.87  0.79E-08
271  0  39.89  -96.87  0.99E-08
271  0  39.94  -96.87  0.71E-08
271  0  39.99  -96.87  0.53E-08
271  0  40.04  -96.87  0.37E-08
271  0  40.09  -96.87  0.18E-08
271  0  40.14  -96.87  0.11E-08
271  0  38.64  -96.82  0.25E-09
271  0  38.69  -96.82  0.19E-09
271  0  38.74  -96.82  0.91E-09
271  0  38.79  -96.82  0.54E-09
271  0  38.84  -96.82  0.16E-08
271  0  38.89  -96.82  0.22E-08
271  0  38.94  -96.82  0.24E-08
271  0  38.99  -96.82  0.26E-08
271  0  39.04  -96.82  0.28E-08
271  0  39.09  -96.82  0.34E-08
271  0  39.14  -96.82  0.67E-08
271  0  39.19  -96.82  0.17E-07
271  0  39.24  -96.82  0.20E-07
271  0  39.29  -96.82  0.19E-07
271  0  39.34  -96.82  0.21E-07
271  0  39.39  -96.82  0.19E-07
271  0  39.44  -96.82  0.19E-07
271  0  39.49  -96.82  0.30E-07
271  0  39.54  -96.82  0.23E-07
271  0  39.59  -96.82  0.20E-07
271  0  39.64  -96.82  0.24E-07
271  0  39.69  -96.82  0.24E-07
271  0  39.74  -96.82  0.17E-07
271  0  39.79  -96.82  0.11E-07
271  0  39.84  -96.82  0.78E-08
271  0  39.89  -96.82  0.57E-08
271  0  39.94  -96.82  0.94E-08
271  0  39.99  -96.82  0.54E-08
271  0  40.04  -96.82  0.83E-09
271  0  40.14  -96.82  0.14E-08
271  0  38.54  -96.77  0.14E-10
271  0  38.59  -96.77  0.14E-10
271  0  38.69  -96.77  0.77E-09
271  0  38.74  -96.77  0.58E-09
271  0  38.79  -96.77  0.76E-09
271  0  38.84  -96.77  0.50E-09
271  0  38.89  -96.77  0.71E-09
271  0  38.94  -96.77  0.25E-08
271  0  38.99  -96.77  0.40E-08
271  0  39.04  -96.77  0.30E-08
271  0  39.09  -96.77  0.29E-08
271  0  39.14  -96.77  0.71E-08
271  0  39.19  -96.77  0.19E-07
271  0  39.24  -96.77  0.22E-07
271  0  39.29  -96.77  0.25E-07
271  0  39.34  -96.77  0.21E-07
271  0  39.39  -96.77  0.19E-07
271  0  39.44  -96.77  0.20E-07
271  0  39.49  -96.77  0.23E-07
271  0  39.54  -96.77  0.29E-07
271  0  39.59  -96.77  0.22E-07
271  0  39.64  -96.77  0.22E-07
271  0  39.69  -96.77  0.21E-07
271  0  39.74  -96.77  0.14E-07
271  0  39.79  -96.77  0.11E-07
271  0  39.84  -96.77  0.10E-07
271  0  39.89  -96.77  0.12E-07
271  0  39.94  -96.77  0.11E-07
271  0  39.99  -96.77  0.27E-08
271  0  40.04  -96.77  0.23E-08
271  0  40.09  -96.77  0.86E-09
271  0  40.14  -96.77  0.21E-09
271  0  38.59  -96.72  0.69E-10
271  0  38.64  -96.72  0.14E-10
271  0  38.69  -96.72  0.51E-09
271  0  38.74  -96.72  0.12E-08
271  0  38.79  -96.72  0.56E-09
271  0  38.84  -96.72  0.11E-08
271  0  38.89  -96.72  0.52E-09
271  0  38.94  -96.72  0.76E-09
271  0  38.99  -96.72  0.12E-08
271  0  39.04  -96.72  0.36E-08
271  0  39.09  -96.72  0.58E-08
271  0  39.14  -96.72  0.77E-08
271  0  39.19  -96.72  0.17E-07
271  0  39.24  -96.72  0.22E-07
271  0  39.29  -96.72  0.25E-07
271  0  39.34  -96.72  0.26E-07
271  0  39.39  -96.72  0.25E-07
271  0  39.44  -96.72  0.27E-07
271  0  39.49  -96.72  0.25E-07
271  0  39.54  -96.72  0.24E-07
271  0  39.59  -96.72  0.27E-07
271  0  39.64  -96.72  0.27E-07
271  0  39.69  -96.72  0.23E-07
271  0  39.74  -96.72  0.17E-07
271  0  39.79  -96.72  0.12E-07
271  0  39.84  -96.72  0.11E-07
271  0  39.89  -96.72  0.13E-07
271  0  39.94  -96.72  0.97E-08
271  0  39.99  -96.72  0.37E-08
271  0  40.04  -96.72  0.38E-08
271  0  40.09  -96.72  0.64E-09
271  0  38.54  -96.67  0.53E-10
271  0  38.59  -96.67  0.26E-10
271  0  38.64  -96.67  0.63E-09
271  0  38.69  -96.67  0.33E-09
271  0  38.74  -96.67  0.11E-08
271  0  38.79  -96.67  0.17E-08
271  0  38.84  -96.67  0.58E-09
271  0  38.89  -96.67  0.11E-08
271  0  38.94  -96.67  0.95E-09
271  0  38.99  -96.67  0.83E-09
271  0  39.04  -96.67  0.91E-09
271  0  39.09  -96.67  0.42E-08
271  0  39.14  -96.67  0.95E-08
271  0  39.19  -96.67  0.21E-07
271  0  39.24  -96.67  0.22E-07
271  0  39.29  -96.67  0.27E-07
271  0  39.34  -96.67  0.25E-07
271  0  39.39  -96.67  0.30E-07
271  0  39.44  -96.67  0.30E-07
271  0  39.49  -96.67  0.25E-07
271  0  39.54  -96.67  0.24E-07
271  0  39.59  -96.67  0.30E-07
271  0  39.64  -96.67  0.25E-07
271  0  39.69  -96.67  0.23E-07
271  0  39.74  -96.67  0.19E-07
271  0  39.79  -96.67  0.21E-07
271  0  39.84  -96.67  0.14E-07
271  0  39.89  -96.67  0.11E-07
271  0  39.94  -96.67  0.43E-08
271  0  39.99  -96.67  0.65E-08
271  0  40.04  -96.67  0.48E-08
271  0  38.49  -96.62  0.57E-10
271  0  38.54  -96.62  0.12E-09
271  0  38.59  -96.62  0.26E-09
271  0  38.64  -96.62  0.36E-10
271  0  38.69  -96.62  0.90E-09
271  0  38.74  -96.62  0.86E-09
271  0  38.79  -96.62  0.14E-08
271  0  38.84  -96.62  0.23E-08
271  0  38.89  -96.62  0.99E-09
271  0  38.94  -96.62  0.57E-09
271  0  38.99  -96.62  0.11E-08
271  0  39.04  -96.62  0.13E-08
271  0  39.09  -96.62  0.17E-08
271  0  39.14  -96.62  0.89E-08
271  0  39.19  -96.62  0.20E-07
271  0  39.24  -96.62  0.22E-07
271  0  39.29  -96.62  0.28E-07
271  0  39.34  -96.62  0.29E-07
271  0  39.39  -96.62  0.31E-07
271  0  39.44  -96.62  0.33E-07
271  0  39.49  -96.62  0.25E-07
271  0  39.54  -96.62  0.33E-07
271  0  39.59  -96.62  0.30E-07
271  0  39.64  -96.62  0.21E-07
271  0  39.69  -96.62  0.21E-07
271  0  39.74  -96.62  0.28E-07
271  0  39.79  -96.62  0.16E-07
271  0  39.84  -96.62  0.19E-07
271  0  39.89  -96.62  0.11E-07
271  0  39.94  -96.62  0.39E-08
271  0  39.99  -96.62  0.80E-08
271  0  40.04  -96.62  0.73E-08
271  0  40.09  -96.62  0.34E-08
271  0  38.49  -96.57  0.79E-10
271  0  38.54  -96.57  0.43E-09
271  0  38.59  -96.57  0.11E-09
271  0  38.64  -96.57  0.62E-09
271  0  38.69  -96.57  0.74E-09
271  0  38.74  -96.57  0.64E-09
271  0  38.79  -96.57  0.12E-08
271  0  38.84  -96.57  0.16E-08
271  0  38.89  -96.57  0.30E-08
271  0  38.94  -96.57  0.29E-08
271  0  38.99  -96.57  0.24E-08
271  0  39.04  -96.57  0.15E-08
271  0  39.09  -96.57  0.35E-08
271  0  39.14  -96.57  0.10E-07
271  0  39.19  -96.57  0.21E-07
271  0  39.24  -96.57  0.24E-07
271  0  39.29  -96.57  0.27E-07
271  0  39.34  -96.57  0.34E-07
271  0  39.39  -96.57  0.38E-07
271  0  39.44  -96.57  0.26E-07
271  0  39.49  -96.57  0.34E-07
271  0  39.54  -96.57  0.35E-07
271  0  39.59  -96.57  0.20E-07
271  0  39.64  -96.57  0.23E-07
271  0  39.69  -96.57  0.32E-07
271  0  39.74  -96.57  0.30E-07
271  0  39.79  -96.57  0.17E-07
271  0  39.84  -96.57  0.16E-07
271  0  39.89  -96.57  0.10E-07
271  0  39.94  -96.57  0.13E-07
271  0  39.99  -96.57  0.51E-08
271  0  40.04  -96.57  0.32E-08
271  0  40.09  -96.57  0.27E-08
271  0  38.49  -96.52  0.24E-09
271  0  38.54  -96.52  0.19E-09
271  0  38.59  -96.52  0.48E-09
271  0  38.64  -96.52  0.23E-09
271  0  38.69  -96.52  0.70E-09
271  0  38.74  -96.52  0.85E-09
271  0  38.79  -96.52  0.82E-09
271  0  38.84  -96.52  0.13E-08
271  0  38.89  -96.52  0.27E-08
271  0  38.94  -96.52  0.26E-08
271  0  38.99  -96.52  0.26E-08
271  0  39.04  -96.52  0.34E-08
271  0  39.09  -96.52  0.47E-08
271  0  39.14  -96.52  0.11E-07
271  0  39.19  -96.52  0.24E-07
271  0  39.24  -96.52  0.24E-07
271  0  39.29  -96.52  0.29E-07
271  0  39.34  -96.52  0.38E-07
271  0  39.39  -96.52  0.32E-07
271  0  39.44  -96.52  0.36E-07
271  0  39.49  -96.52  0.36E-07
271  0  39.54  -96.52  0.30E-07
271  0  39.59  -96.52  0.25E-07
271  0  39.64  -96.52  0.31E-07
271  0  39.69  -96.52  0.29E-07
271  0  39.74  -96.52  0.30E-07
271  0  39.79  -96.52  0.21E-07
271  0  39.84  -96.52  0.20E-07
271  0  39.89  -96.52  0.12E-07
271  0  39.94  -96.52  0.51E-08
271  0  39.99  -96.52  0.25E-08
271  0  40.04  -96.52  0.25E-08
271  0  40.09  -96.52  0.21E-08
271  0  40.14  -96.52  0.14E-08
271  0  38.54  -96.47  0.24E-09
271  0  38.59  -96.47  0.36E-09
271  0  38.64  -96.47  0.73E-09
271  0  38.69  -96.47  0.80E-09
271  0  38.74  -96.47  0.18E-08
271  0  38.79  -96.47  0.13E-08
271  0  38.84  -96.47  0.15E-08
271  0  38.89  -96.47  0.19E-08
271  0  38.94  -96.47  0.21E-08
271  0  38.99  -96.47  0.32E-08
271  0  39.04  -96.47  0.27E-08
271  0  39.09  -96.47  0.48E-08
271  0  39.14  -96.47  0.14E-07
271  0  39.19  -96.47  0.28E-07
271  0  39.24  -96.47  0.32E-07
271  0  39.29  -96.47  0.30E-07
271  0  39.34  -96.47  0.42E-07
271  0  39.39  -96.47  0.41E-07
271  0  39.44  -96.47  0.40E-07
271  0  39.49  -96.47  0.29E-07
271  0  39.54  -96.47  0.32E-07
271  0  39.59  -96.47  0.33E-07
271  0  39.64  -96.47  0.36E-07
271  0  39.69  -96.47  0.28E-07
271  0  39.74  -96.47  0.26E-07
271  0  39.79  -96.47  0.22E-07
271  0  39.84  -96.47  0.15E-07
271  0  39.89  -96.47  0.12E-07
271  0  39.94  -96.47  0.47E-08
271  0  39.99  -96.47  0.96E-09
271  0  40.04  -96.47  0.52E-08
271  0  40.09  -96.47  0.54E-08
271  0  40.14  -96.47  0.38E-08
271  0  38.54  -96.42  0.24E-09
271  0  38.59  -96.42  0.70E-09
271  0  38.64  -96.42  0.10E-08
271  0  38.69  -96.42  0.16E-08
271  0  38.74  -96.42  0.23E-08
271  0  38.79  -96.42  0.28E-08
271  0  38.84  -96.42  0.41E-08
271  0  38.89  -96.42  0.27E-08
271  0  38.94  -96.42  0.38E-08
271  0  38.99  -96.42  0.19E-08
271  0  39.04  -96.42  0.20E-08
271  0  39.09  -96.42  0.26E-08
271  0  39.14  -96.42  0.13E-07
271  0  39.19  -96.42  0.25E-07
271  0  39.24  -96.42  0.35E-07
271  0  39.29  -96.42  0.41E-07
271  0  39.34  -96.42  0.51E-07
271  0  39.39  -96.42  0.51E-07
271  0  39.44  -96.42  0.44E-07
271  0  39.49  -96.42  0.33E-07
271  0  39.54  -96.42  0.33E-07
271  0  39.59  -96.42  0.40E-07
271  0  39.64  -96.42  0.39E-07
271  0  39.69  -96.42  0.34E-07
271  0  39.74  -96.42  0.31E-07
271  0  39.79  -96.42  0.29E-07
271  0  39.84  -96.42  0.22E-07
271  0  39.89  -96.42  0.16E-07
271  0  39.94  -96.42  0.12E-07
271  0  39.99  -96.42  0.53E-08
271  0  40.04  -96.42  0.30E-08
271  0  40.09  -96.42  0.15E-08
271  0  38.49  -96.37  0.14E-09
271  0  38.54  -96.37  0.81E-09
271  0  38.59  -96.37  0.11E-08
271  0  38.64  -96.37  0.11E-08
271  0  38.69  -96.37  0.22E-08
271  0  38.74  -96.37  0.23E-08
271  0  38.79  -96.37  0.27E-08
271  0  38.84  -96.37  0.40E-08
271  0  38.89  -96.37  0.48E-08
271  0  38.94  -96.37  0.43E-08
271  0  38.99  -96.37  0.59E-08
271  0  39.04  -96.37  0.65E-08
271  0  39.09  -96.37  0.58E-08
271  0  39.14  -96.37  0.15E-07
271  0  39.19  -96.37  0.30E-07
271  0  39.24  -96.37  0.38E-07
271  0  39.29  -96.37  0.43E-07
271  0  39.34  -96.37  0.61E-07
271  0  39.39  -96.37  0.64E-07
271  0  39.44  -96.37  0.45E-07
271  0  39.49  -96.37  0.45E-07
271  0  39.54  -96.37  0.44E-07
271  0  39.59  -96.37  0.36E-07
271  0  39.64  -96.37  0.46E-07
271  0  39.69  -96.37  0.33E-07
271  0  39.74  -96.37  0.33E-07
271  0  39.79  -96.37  0.33E-07
271  0  39.84  -96.37  0.24E-07
271  0  39.89  -96.37  0.15E-07
271  0  39.94  -96.37  0.10E-07
271  0  39.99  -96.37  0.37E-08
271  0  40.04  -96.37  0.41E-09
271  0  38.49  -96.32  0.52E-09
271  0  38.54  -96.32  0.13E-08
271  0  38.59  -96.32  0.26E-08
271  0  38.64  -96.32  0.32E-08
271  0  38.69  -96.32  0.44E-08
271  0  38.74  -96.32  0.59E-08
271  0  38.79  -96.32  0.47E-08
271  0  38.84  -96.32  0.54E-08
271  0  38.89  -96.32  0.69E-08
271  0  38.94  -96.32  0.69E-08
271  0  38.99  -96.32  0.56E-08
271  0  39.04  -96.32  0.38E-08
271  0  39.09  -96.32  0.59E-08
271  0  39.14  -96.32  0.15E-07
271  0  39.19  -96.32  0.36E-07
271  0  39.24  -96.32  0.48E-07
271  0  39.29  -96.32  0.53E-07
271  0  39.34  -96.32  0.85E-07
271  0  39.39  -96.32  0.69E-07
271  0  39.44  -96.32  0.63E-07
271  0  39.49  -96.32  0.59E-07
271  0  39.54  -96.32  0.47E-07
271  0  39.59  -96.32  0.46E-07
271  0  39.64  -96.32  0.48E-07
271  0  39.69  -96.32  0.39E-07
271  0  39.74  -96.32  0.38E-07
271  0  39.79  -96.32  0.30E-07
271  0  39.84  -96.32  0.19E-07
271  0  39.89  -96.32  0.87E-08
271  0  39.94  -96.32  0.34E-08
271  0  39.99  -96.32  0.25E-08
271  0  40.04  -96.32  0.75E-09
271  0  40.09  -96.32  0.15E-08
271  0  38.49  -96.27  0.14E-08
271  0  38.54  -96.27  0.54E-08
271  0  38.59  -96.27  0.40E-08
271  0  38.64  -96.27  0.67E-08
271  0  38.69  -96.27  0.70E-08
271  0  38.74  -96.27  0.92E-08
271  0  38.79  -96.27  0.12E-07
271  0  38.84  -96.27  0.99E-08
271  0  38.89  -96.27  0.16E-07
271  0  38.94  -96.27  0.14E-07
271  0  38.99  -96.27  0.77E-08
271  0  39.04  -96.27  0.44E-08
271  0  39.09  -96.27  0.34E-08
271  0  39.14  -96.27  0.11E-07
271  0  39.19  -96.27  0.35E-07
271  0  39.24  -96.27  0.56E-07
271  0  39.29  -96.27  0.76E-07
271  0  39.34  -96.27  0.10E-06
271  0  39.39  -96.27  0.87E-07
271  0  39.44  -96.27  0.68E-07
271  0  39.49  -96.27  0.68E-07
271  0  39.54  -96.27  0.61E-07
271  0  39.59  -96.27  0.48E-07
271  0  39.64  -96.27  0.44E-07
271  0  39.69  -96.27  0.46E-07
271  0  39.74  -96.27  0.40E-07
271  0  39.79  -96.27  0.37E-07
271  0  39.84  -96.27  0.23E-07
271  0  39.89  -96.27  0.15E-07
271  0  39.94  -96.27  0.15E-07
271  0  39.99  -96.27  0.78E-08
271  0  40.04  -96.27  0.46E-08
271  0  40.09  -96.27  0.31E-08
271  0  38.39  -96.22  0.16E-09
271  0  38.44  -96.22  0.11E-08
271  0  38.49  -96.22  0.14E-08
271  0  38.54  -96.22  0.40E-08
271  0  38.59  -96.22  0.10E-07
271  0  38.64  -96.22  0.13E-07
271  0  38.69  -96.22  0.12E-07
271  0  38.74  -96.22  0.16E-07
271  0  38.79  -96.22  0.18E-07
271  0  38.84  -96.22  0.20E-07
271  0  38.89  -96.22  0.26E-07
271  0  38.94  -96.22  0.29E-07
271  0  38.99  -96.22  0.31E-07
271  0  39.04  -96.22  0.28E-07
271  0  39.09  -96.22  0.16E-07
271  0  39.14  -96.22  0.56E-08
271  0  39.19  -96.22  0.35E-07
271  0  39.24  -96.22  0.78E-07
271  0  39.29  -96.22  0.11E-06
271  0  39.34  -96.22  0.17E-06
271  0  39.39  -96.22  0.94E-07
271  0  39.44  -96.22  0.91E-07
271  0  39.49  -96.22  0.76E-07
271  0  39.54  -96.22  0.64E-07
271  0  39.59  -96.22  0.79E-07
271  0  39.64  -96.22  0.82E-07
271  0  39.69  -96.22  0.48E-07
271  0  39.74  -96.22  0.31E-07
271  0  39.79  -96.22  0.32E-07
271  0  39.84  -96.22  0.29E-07
271  0  39.89  -96.22  0.15E-07
271  0  39.94  -96.22  0.13E-07
271  0  39.99  -96.22  0.10E-07
271  0  40.04  -96.22  0.10E-07
271  0  40.09  -96.22  0.11E-08
271  0  38.29  -96.17  0.45E-10
271  0  38.34  -96.17  0.36E-09
271  0  38.39  -96.17  0.94E-09
271  0  38.44  -96.17  0.17E-08
271  0  38.49  -96.17  0.42E-08
271  0  38.54  -96.17  0.64E-08
271  0  38.59  -96.17  0.11E-07
271  0  38.64  -96.17  0.21E-07
271  0  38.69  -96.17  0.19E-07
271  0  38.74  -96.17  0.25E-07
271  0  38.79  -96.17  0.31E-07
271  0  38.84  -96.17  0.34E-07
271  0  38.89  -96.17  0.42E-07
271  0  38.94  -96.17  0.51E-07
271  0  38.99  -96.17  0.63E-07
271  0  39.04  -96.17  0.89E-07
271  0  39.09  -96.17  0.11E-06
271  0  39.14  -96.17  0.11E-06
271  0  39.19  -96.17  0.65E-07
271  0  39.24  -96.17  0.96E-07
271  0  39.29  -96.17  0.28E-06
271  0  39.34  -96.17  0.24E-06
271  0  39.39  -96.17  0.15E-06
271  0  39.44  -96.17  0.11E-06
271  0  39.49  -96.17  0.79E-07
271  0  39.54  -96.17  0.77E-07
271  0  39.59  -96.17  0.76E-07
271  0  39.64  -96.17  0.76E-07
271  0  39.69  -96.17  0.59E-07
271  0  39.74  -96.17  0.41E-07
271  0  39.79  -96.17  0.36E-07
271  0  39.84  -96.17  0.19E-07
271  0  39.89  -96.17  0.12E-07
271  0  39.94  -96.17  0.11E-07
271  0  39.99  -96.17  0.36E-08
271  0  40.04  -96.17  0.68E-08
271  0  38.29  -96.12  0.10E-09
271  0  38.34  -96.12  0.79E-09
271  0  38.39  -96.12  0.12E-08
271  0  38.44  -96.12  0.55E-08
271  0  38.49  -96.12  0.93E-08
271  0  38.54  -96.12  0.97E-08
271  0  38.59  -96.12  0.11E-07
271  0  38.64  -96.12  0.21E-07
271  0  38.69  -96.12  0.30E-07
271  0  38.74  -96.12  0.34E-07
271  0  38.79  -96.12  0.41E-07
271  0  38.84  -96.12  0.47E-07
271  0  38.89  -96.12  0.51E-07
271  0  38.94  -96.12  0.63E-07
271  0  38.99  -96.12  0.80E-07
271  0  39.04  -96.12  0.10E-06
271  0  39.09  -96.12  0.13E-06
271  0  39.14  -96.12  0.21E-06
271  0  39.19  -96.12  0.37E-06
271  0  39.24  -96.12  0.86E-06
271  0  39.29  -96.12  0.22E-05
271  0  39.34  -96.12  0.39E-06
271  0  39.39  -96.12  0.20E-06
271  0  39.44  -96.12  0.13E-06
271  0  39.49  -96.12  0.11E-06
271  0  39.54  -96.12  0.92E-07
271  0  39.59  -96.12  0.78E-07
271  0  39.64  -96.12  0.78E-07
271  0  39.69  -96.12  0.64E-07
271  0  39.74  -96.12  0.47E-07
271  0  39.79  -96.12  0.21E-07
271  0  39.84  -96.12  0.18E-07
271  0  39.89  -96.12  0.12E-07
271  0  39.94  -96.12  0.11E-07
271  0  39.99  -96.12  0.25E-08
271  0  40.04  -96.12  0.52E-08
271  0  38.34  -96.07  0.19E-08
271  0  38.39  -96.07  0.26E-08
271  0  38.44  -96.07  0.40E-08
271  0  38.49  -96.07  0.14E-07
271  0  38.54  -96.07  0.17E-07
271  0  38.59  -96.07  0.17E-07
271  0  38.64  -96.07  0.22E-07
271  0  38.69  -96.07  0.30E-07
271  0  38.74  -96.07  0.39E-07
271  0  38.79  -96.07  0.45E-07
271  0  38.84  -96.07  0.47E-07
271  0  38.89  -96.07  0.53E-07
271  0  38.94  -96.07  0.56E-07
271  0  38.99  -96.07  0.66E-07
271  0  39.04  -96.07  0.80E-07
271  0  39.09  -96.07  0.11E-06
271  0  39.14  -96.07  0.17E-06
271  0  39.19  -96.07  0.34E-06
271  0  39.24  -96.07  0.74E-06
271  0  39.29  -96.07  0.64E-06
271  0  39.34  -96.07  0.18E-06
271  0  39.39  -96.07  0.14E-06
271  0  39.44  -96.07  0.12E-06
271  0  39.49  -96.07  0.11E-06
271  0  39.54  -96.07  0.99E-07
271  0  39.59  -96.07  0.85E-07
271  0  39.64  -96.07  0.72E-07
271  0  39.69  -96.07  0.60E-07
271  0  39.74  -96.07  0.44E-07
271  0  39.79  -96.07  0.23E-07
271  0  39.84  -96.07  0.14E-07
271  0  39.89  -96.07  0.13E-07
271  0  39.94  -96.07  0.10E-07
271  0  39.99  -96.07  0.49E-08
271  0  40.04  -96.07  0.41E-08
271  0  38.34  -96.02  0.13E-09
271  0  38.39  -96.02  0.49E-08
271  0  38.44  -96.02  0.73E-08
271  0  38.49  -96.02  0.99E-08
271  0  38.54  -96.02  0.18E-07
271  0  38.59  -96.02  0.28E-07
271  0  38.64  -96.02  0.32E-07
271  0  38.69  -96.02  0.34E-07
271  0  38.74  -96.02  0.37E-07
271  0  38.79  -96.02  0.46E-07
271  0  38.84  -96.02  0.52E-07
271  0  38.89  -96.02  0.56E-07
271  0  38.94  -96.02  0.62E-07
271  0  38.99  -96.02  0.72E-07
271  0  39.04  -96.02  0.84E-07
271  0  39.09  -96.02  0.11E-06
271  0  39.14  -96.02  0.18E-06
271  0  39.19  -96.02  0.28E-06
271  0  39.24  -96.02  0.27E-06
271  0  39.29  -96.02  0.32E-06
271  0  39.34  -96.02  0.15E-06
271  0  39.39  -96.02  0.11E-06
271  0  39.44  -96.02  0.94E-07
271  0  39.49  -96.02  0.88E-07
271  0  39.54  -96.02  0.91E-07
271  0  39.59  -96.02  0.74E-07
271  0  39.64  -96.02  0.55E-07
271  0  39.69  -96.02  0.59E-07
271  0  39.74  -96.02  0.37E-07
271  0  39.79  -96.02  0.24E-07
271  0  39.84  -96.02  0.11E-07
271  0  39.89  -96.02  0.99E-08
271  0  39.94  -96.02  0.73E-08
271  0  39.99  -96.02  0.59E-08
271  0  40.04  -96.02  0.18E-08
271  0  38.29  -95.97  0.16E-09
271  0  38.34  -95.97  0.23E-08
271  0  38.39  -95.97  0.27E-08
271  0  38.44  -95.97  0.84E-08
271  0  38.49  -95.97  0.15E-07
271  0  38.54  -95.97  0.16E-07
271  0  38.59  -95.97  0.15E-07
271  0  38.64  -95.97  0.28E-07
271  0  38.69  -95.97  0.34E-07
271  0  38.74  -95.97  0.36E-07
271  0  38.79  -95.97  0.42E-07
271  0  38.84  -95.97  0.44E-07
271  0  38.89  -95.97  0.48E-07
271  0  38.94  -95.97  0.52E-07
271  0  38.99  -95.97  0.62E-07
271  0  39.04  -95.97  0.83E-07
271  0  39.09  -95.97  0.12E-06
271  0  39.14  -95.97  0.17E-06
271  0  39.19  -95.97  0.18E-06
271  0  39.24  -95.97  0.14E-06
271  0  39.29  -95.97  0.22E-06
271  0  39.34  -95.97  0.19E-06
271  0  39.39  -95.97  0.14E-06
271  0  39.44  -95.97  0.12E-06
271  0  39.49  -95.97  0.88E-07
271  0  39.54  -95.97  0.73E-07
271  0  39.59  -95.97  0.61E-07
271  0  39.64  -95.97  0.47E-07
271  0  39.69  -95.97  0.41E-07
271  0  39.74  -95.97  0.25E-07
271  0  39.79  -95.97  0.20E-07
271  0  39.84  -95.97  0.12E-07
271  0  39.89  -95.97  0.47E-08
271  0  39.94  -95.97  0.48E-08
271  0  39.99  -95.97  0.29E-08
271  0  38.14  -95.92  0.19E-09
271  0  38.24  -95.92  0.10E-09
271  0  38.29  -95.92  0.12E-08
271  0  38.34  -95.92  0.11E-08
271  0  38.39  -95.92  0.58E-08
271  0  38.44  -95.92  0.10E-07
271  0  38.49  -95.92  0.11E-07
271  0  38.54  -95.92  0.23E-07
271  0  38.59  -95.92  0.25E-07
271  0  38.64  -95.92  0.24E-07
271  0  38.69  -95.92  0.30E-07
271  0  38.74  -95.92  0.35E-07
271  0  38.79  -95.92  0.37E-07
271  0  38.84  -95.92  0.36E-07
271  0  38.89  -95.92  0.42E-07
271  0  38.94  -95.92  0.54E-07
271  0  38.99  -95.92  0.72E-07
271  0  39.04  -95.92  0.85E-07
271  0  39.09  -95.92  0.10E-06
271  0  39.14  -95.92  0.12E-06
271  0  39.19  -95.92  0.11E-06
271  0  39.24  -95.92  0.12E-06
271  0  39.29  -95.92  0.19E-06
271  0  39.34  -95.92  0.20E-06
271  0  39.39  -95.92  0.16E-06
271  0  39.44  -95.92  0.12E-06
271  0  39.49  -95.92  0.87E-07
271  0  39.54  -95.92  0.64E-07
271  0  39.59  -95.92  0.55E-07
271  0  39.64  -95.92  0.55E-07
271  0  39.69  -95.92  0.24E-07
271  0  39.74  -95.92  0.22E-07
271  0  39.79  -95.92  0.14E-07
271  0  39.84  -95.92  0.76E-08
271  0  39.89  -95.92  0.63E-08
271  0  39.94  -95.92  0.53E-08
271  0  39.99  -95.92  0.32E-09
271  0  38.14  -95.87  0.38E-09
271  0  38.19  -95.87  0.95E-10
271  0  38.24  -95.87  0.16E-09
271  0  38.29  -95.87  0.11E-08
271  0  38.34  -95.87  0.20E-08
271  0  38.39  -95.87  0.44E-08
271  0  38.44  -95.87  0.11E-07
271  0  38.49  -95.87  0.16E-07
271  0  38.54  -95.87  0.21E-07
271  0  38.59  -95.87  0.28E-07
271  0  38.64  -95.87  0.35E-07
271  0  38.69  -95.87  0.35E-07
271  0  38.74  -95.87  0.41E-07
271  0  38.79  -95.87  0.46E-07
271  0  38.84  -95.87  0.50E-07
271  0  38.89  -95.87  0.55E-07
271  0  38.94  -95.87  0.59E-07
271  0  38.99  -95.87  0.66E-07
271  0  39.04  -95.87  0.80E-07
271  0  39.09  -95.87  0.93E-07
271  0  39.14  -95.87  0.98E-07
271  0  39.19  -95.87  0.91E-07
271  0  39.24  -95.87  0.12E-06
271  0  39.29  -95.87  0.12E-06
271  0  39.34  -95.87  0.14E-06
271  0  39.39  -95.87  0.15E-06
271  0  39.44  -95.87  0.94E-07
271  0  39.49  -95.87  0.68E-07
271  0  39.54  -95.87  0.57E-07
271  0  39.59  -95.87  0.49E-07
271  0  39.64  -95.87  0.30E-07
271  0  39.69  -95.87  0.29E-07
271  0  39.74  -95.87  0.28E-07
271  0  39.79  -95.87  0.13E-07
271  0  39.84  -95.87  0.40E-08
271  0  39.89  -95.87  0.92E-08
271  0  39.94  -95.87  0.44E-08
271  0  38.19  -95.82  0.57E-09
271  0  38.24  -95.82  0.12E-09
271  0  38.29  -95.82  0.11E-08
271  0  38.34  -95.82  0.30E-08
271  0  38.39  -95.82  0.56E-08
271  0  38.44  -95.82  0.12E-07
271  0  38.49  -95.82  0.21E-07
271  0  38.54  -95.82  0.29E-07
271  0  38.59  -95.82  0.31E-07
271  0  38.64  -95.82  0.39E-07
271  0  38.69  -95.82  0.44E-07
271  0  38.74  -95.82  0.46E-07
271  0  38.79  -95.82  0.48E-07
271  0  38.84  -95.82  0.50E-07
271  0  38.89  -95.82  0.54E-07
271  0  38.94  -95.82  0.55E-07
271  0  38.99  -95.82  0.63E-07
271  0  39.04  -95.82  0.72E-07
271  0  39.09  -95.82  0.78E-07
271  0  39.14  -95.82  0.73E-07
271  0  39.19  -95.82  0.79E-07
271  0  39.24  -95.82  0.72E-07
271  0  39.29  -95.82  0.76E-07
271  0  39.34  -95.82  0.99E-07
271  0  39.39  -95.82  0.83E-07
271  0  39.44  -95.82  0.75E-07
271  0  39.49  -95.82  0.37E-07
271  0  39.54  -95.82  0.26E-07
271  0  39.59  -95.82  0.36E-07
271  0  39.64  -95.82  0.24E-07
271  0  39.69  -95.82  0.24E-07
271  0  39.74  -95.82  0.23E-07
271  0  39.79  -95.82  0.63E-08
271  0  39.84  -95.82  0.71E-08
271  0  39.89  -95.82  0.16E-08
271  0  39.94  -95.82  0.34E-08
271  0  38.24  -95.77  0.66E-09
271  0  38.29  -95.77  0.15E-08
271  0  38.34  -95.77  0.35E-08
271  0  38.39  -95.77  0.92E-08
271  0  38.44  -95.77  0.84E-08
271  0  38.49  -95.77  0.18E-07
271  0  38.54  -95.77  0.29E-07
271  0  38.59  -95.77  0.33E-07
271  0  38.64  -95.77  0.38E-07
271  0  38.69  -95.77  0.40E-07
271  0  38.74  -95.77  0.43E-07
271  0  38.79  -95.77  0.44E-07
271  0  38.84  -95.77  0.48E-07
271  0  38.89  -95.77  0.48E-07
271  0  38.94  -95.77  0.52E-07
271  0  38.99  -95.77  0.56E-07
271  0  39.04  -95.77  0.54E-07
271  0  39.09  -95.77  0.58E-07
271  0  39.14  -95.77  0.58E-07
271  0  39.19  -95.77  0.53E-07
271  0  39.24  -95.77  0.56E-07
271  0  39.29  -95.77  0.59E-07
271  0  39.34  -95.77  0.46E-07
271  0  39.39  -95.77  0.38E-07
271  0  39.44  -95.77  0.38E-07
271  0  39.49  -95.77  0.21E-07
271  0  39.54  -95.77  0.21E-07
271  0  39.59  -95.77  0.19E-07
271  0  39.64  -95.77  0.26E-07
271  0  39.69  -95.77  0.23E-07
271  0  39.74  -95.77  0.17E-07
271  0  39.79  -95.77  0.53E-08
271  0  39.84  -95.77  0.72E-08
271  0  39.89  -95.77  0.10E-08
271  0  39.94  -95.77  0.36E-08
271  0  38.19  -95.72  0.18E-09
271  0  38.24  -95.72  0.82E-10
271  0  38.29  -95.72  0.36E-09
271  0  38.34  -95.72  0.23E-08
271  0  38.39  -95.72  0.82E-08
271  0  38.44  -95.72  0.14E-07
271  0  38.49  -95.72  0.19E-07
271  0  38.54  -95.72  0.24E-07
271  0  38.59  -95.72  0.35E-07
271  0  38.64  -95.72  0.40E-07
271  0  38.69  -95.72  0.36E-07
271  0  38.74  -95.72  0.38E-07
271  0  38.79  -95.72  0.39E-07
271  0  38.84  -95.72  0.37E-07
271  0  38.89  -95.72  0.38E-07
271  0  38.94  -95.72  0.41E-07
271  0  38.99  -95.72  0.47E-07
271  0  39.04  -95.72  0.50E-07
271  0  39.09  -95.72  0.46E-07
271  0  39.14  -95.72  0.38E-07
271  0  39.19  -95.72  0.41E-07
271  0  39.24  -95.72  0.41E-07
271  0  39.29  -95.72  0.27E-07
271  0  39.34  -95.72  0.24E-07
271  0  39.39  -95.72  0.24E-07
271  0  39.44  -95.72  0.23E-07
271  0  39.49  -95.72  0.16E-07
271  0  39.54  -95.72  0.21E-07
271  0  39.59  -95.72  0.26E-07
271  0  39.64  -95.72  0.15E-07
271  0  39.69  -95.72  0.71E-08
271  0  39.74  -95.72  0.68E-08
271  0  39.79  -95.72  0.22E-08
271  0  39.84  -95.72  0.59E-08
271  0  39.89  -95.72  0.43E-08
271  0  39.94  -95.72  0.19E-08
271  0  38.24  -95.67  0.39E-09
271  0  38.29  -95.67  0.87E-09
271  0  38.34  -95.67  0.66E-09
271  0  38.39  -95.67  0.32E-08
271  0  38.44  -95.67  0.11E-07
271  0  38.49  -95.67  0.17E-07
271  0  38.54  -95.67  0.26E-07
271  0  38.59  -95.67  0.28E-07
271  0  38.64  -95.67  0.33E-07
271  0  38.69  -95.67  0.37E-07
271  0  38.74  -95.67  0.35E-07
271  0  38.79  -95.67  0.38E-07
271  0  38.84  -95.67  0.38E-07
271  0  38.89  -95.67  0.41E-07
271  0  38.94  -95.67  0.37E-07
271  0  38.99  -95.67  0.34E-07
271  0  39.04  -95.67  0.33E-07
271  0  39.09  -95.67  0.30E-07
271  0  39.14  -95.67  0.33E-07
271  0  39.19  -95.67  0.30E-07
271  0  39.24  -95.67  0.17E-07
271  0  39.29  -95.67  0.21E-07
271  0  39.34  -95.67  0.29E-07
271  0  39.39  -95.67  0.24E-07
271  0  39.44  -95.67  0.28E-07
271  0  39.49  -95.67  0.20E-07
271  0  39.54  -95.67  0.19E-07
271  0  39.59  -95.67  0.25E-07
271  0  39.64  -95.67  0.12E-07
271  0  39.69  -95.67  0.36E-08
271  0  39.74  -95.67  0.73E-08
271  0  39.79  -95.67  0.43E-08
271  0  39.84  -95.67  0.70E-08
271  0  39.89  -95.67  0.24E-08
271  0  39.94  -95.67  0.14E-08
271  0  38.34  -95.62  0.11E-08
271  0  38.39  -95.62  0.28E-08
271  0  38.44  -95.62  0.84E-08
271  0  38.49  -95.62  0.11E-07
271  0  38.54  -95.62  0.16E-07
271  0  38.59  -95.62  0.24E-07
271  0  38.64  -95.62  0.28E-07
271  0  38.69  -95.62  0.30E-07
271  0  38.74  -95.62  0.33E-07
271  0  38.79  -95.62  0.31E-07
271  0  38.84  -95.62  0.31E-07
271  0  38.89  -95.62  0.32E-07
271  0  38.94  -95.62  0.32E-07
271  0  38.99  -95.62  0.29E-07
271  0  39.04  -95.62  0.25E-07
271  0  39.09  -95.62  0.25E-07
271  0  39.14  -95.62  0.21E-07
271  0  39.19  -95.62  0.15E-07
271  0  39.24  -95.62  0.20E-07
271  0  39.29  -95.62  0.21E-07
271  0  39.34  -95.62  0.21E-07
271  0  39.39  -95.62  0.12E-07
271  0  39.44  -95.62  0.84E-08
271  0  39.49  -95.62  0.11E-07
271  0  39.54  -95.62  0.99E-08
271  0  39.59  -95.62  0.17E-07
271  0  39.64  -95.62  0.98E-08
271  0  39.69  -95.62  0.54E-08
271  0  39.74  -95.62  0.54E-08
271  0  39.79  -95.62  0.87E-08
271  0  39.84  -95.62  0.79E-08
271  0  39.89  -95.62  0.35E-09
271  0  39.94  -95.62  0.21E-08
271  0  38.29  -95.57  0.19E-09
271  0  38.34  -95.57  0.34E-09
271  0  38.39  -95.57  0.22E-08
271  0  38.44  -95.57  0.67E-08
271  0  38.49  -95.57  0.12E-07
271  0  38.54  -95.57  0.16E-07
271  0  38.59  -95.57  0.17E-07
271  0  38.64  -95.57  0.21E-07
271  0  38.69  -95.57  0.25E-07
271  0  38.74  -95.57  0.26E-07
271  0  38.79  -95.57  0.22E-07
271  0  38.84  -95.57  0.22E-07
271  0  38.89  -95.57  0.21E-07
271  0  38.94  -95.57  0.18E-07
271  0  38.99  -95.57  0.15E-07
271  0  39.04  -95.57  0.15E-07
271  0  39.09  -95.57  0.13E-07
271  0  39.14  -95.57  0.13E-07
271  0  39.19  -95.57  0.12E-07
271  0  39.24  -95.57  0.10E-07
271  0  39.29  -95.57  0.76E-08
271  0  39.34  -95.57  0.30E-08
271  0  39.39  -95.57  0.34E-08
271  0  39.44  -95.57  0.25E-08
271  0  39.49  -95.57  0.73E-09
271  0  39.54  -95.57  0.36E-09
271  0  39.59  -95.57  0.11E-08
271  0  39.64  -95.57  0.20E-08
271  0  39.69  -95.57  0.79E-08
271  0  39.74  -95.57  0.65E-08
271  0  39.79  -95.57  0.21E-08
271  0  39.84  -95.57  0.80E-08
271  0  39.89  -95.57  0.48E-08
271  0  38.34  -95.52  0.25E-09
271  0  38.39  -95.52  0.93E-09
271  0  38.44  -95.52  0.23E-08
271  0  38.49  -95.52  0.49E-08
271  0  38.54  -95.52  0.99E-08
271  0  38.59  -95.52  0.13E-07
271  0  38.64  -95.52  0.14E-07
271  0  38.69  -95.52  0.16E-07
271  0  38.74  -95.52  0.17E-07
271  0  38.79  -95.52  0.16E-07
271  0  38.84  -95.52  0.13E-07
271  0  38.89  -95.52  0.10E-07
271  0  38.94  -95.52  0.82E-08
271  0  38.99  -95.52  0.84E-08
271  0  39.04  -95.52  0.71E-08
271  0  39.09  -95.52  0.67E-08
271  0  39.14  -95.52  0.48E-08
271  0  39.19  -95.52  0.71E-08
271  0  39.24  -95.52  0.61E-08
271  0  39.29  -95.52  0.24E-08
271  0  39.34  -95.52  0.18E-09
271  0  39.39  -95.52  0.85E-09
271  0  39.49  -95.52  0.17E-08
271  0  39.54  -95.52  0.72E-09
271  0  39.64  -95.52  0.11E-08
271  0  39.69  -95.52  0.14E-08
271  0  39.74  -95.52  0.51E-08
271  0  39.79  -95.52  0.42E-09
271  0  39.84  -95.52  0.31E-08
271  0  38.29  -95.47  0.30E-09
271  0  38.34  -95.47  0.17E-09
271  0  38.39  -95.47  0.92E-10
271  0  38.44  -95.47  0.14E-08
271  0  38.49  -95.47  0.26E-08
271  0  38.54  -95.47  0.47E-08
271  0  38.59  -95.47  0.48E-08
271  0  38.64  -95.47  0.70E-08
271  0  38.69  -95.47  0.67E-08
271  0  38.74  -95.47  0.64E-08
271  0  38.79  -95.47  0.73E-08
271  0  38.84  -95.47  0.68E-08
271  0  38.89  -95.47  0.72E-08
271  0  38.94  -95.47  0.60E-08
271  0  38.99  -95.47  0.45E-08
271  0  39.04  -95.47  0.43E-08
271  0  39.09  -95.47  0.40E-08
271  0  39.14  -95.47  0.35E-08
271  0  39.19  -95.47  0.31E-08
271  0  39.24  -95.47  0.14E-08
271  0  39.39  -95.47  0.13E-08
271  0  39.44  -95.47  0.13E-08
271  0  39.49  -95.47  0.87E-09
271  0  39.54  -95.47  0.11E-08
271  0  39.69  -95.47  0.36E-09
271  0  39.74  -95.47  0.14E-08
271  0  39.79  -95.47  0.14E-08
271  0  39.84  -95.47  0.60E-09
271  0  38.34  -95.42  0.13E-08
271  0  38.39  -95.42  0.19E-08
271  0  38.44  -95.42  0.12E-08
271  0  38.49  -95.42  0.23E-08
271  0  38.54  -95.42  0.41E-08
271  0  38.59  -95.42  0.39E-08
271  0  38.64  -95.42  0.35E-08
271  0  38.69  -95.42  0.44E-08
271  0  38.74  -95.42  0.58E-08
271  0  38.79  -95.42  0.50E-08
271  0  38.84  -95.42  0.50E-08
271  0  38.89  -95.42  0.38E-08
271  0  38.94  -95.42  0.33E-08
271  0  38.99  -95.42  0.15E-08
271  0  39.04  -95.42  0.70E-09
271  0  39.09  -95.42  0.16E-08
271  0  39.14  -95.42  0.22E-08
271  0  39.19  -95.42  0.14E-08
271  0  39.34  -95.42  0.85E-09
271  0  39.39  -95.42  0.26E-08
271  0  39.44  -95.42  0.13E-08
271  0  39.54  -95.42  0.12E-08
271  0  38.29  -95.37  0.11E-09
271  0  38.39  -95.37  0.71E-09
271  0  38.44  -95.37  0.14E-08
271  0  38.49  -95.37  0.15E-08
271  0  38.54  -95.37  0.20E-08
271  0  38.59  -95.37  0.28E-08
271  0  38.64  -95.37  0.34E-08
271  0  38.69  -95.37  0.23E-08
271  0  38.74  -95.37  0.27E-08
271  0  38.79  -95.37  0.29E-08
271  0  38.84  -95.37  0.14E-08
271  0  38.89  -95.37  0.11E-08
271  0  38.94  -95.37  0.16E-09
271  0  38.99  -95.37  0.41E-09
271  0  39.04  -95.37  0.22E-08
271  0  39.09  -95.37  0.13E-08
271  0  39.29  -95.37  0.20E-08
271  0  39.34  -95.37  0.43E-08
271  0  39.49  -95.37  0.38E-08
271  0  39.54  -95.37  0.30E-08
271  0  38.34  -95.32  0.31E-09
271  0  38.39  -95.32  0.20E-09
271  0  38.44  -95.32  0.66E-10
271  0  38.49  -95.32  0.85E-09
271  0  38.54  -95.32  0.84E-09
271  0  38.59  -95.32  0.11E-08
271  0  38.64  -95.32  0.38E-09
271  0  38.69  -95.32  0.21E-08
271  0  38.74  -95.32  0.94E-09
271  0  38.79  -95.32  0.54E-09
271  0  38.84  -95.32  0.13E-09
271  0  38.89  -95.32  0.49E-09
271  0  38.94  -95.32  0.12E-08
271  0  38.99  -95.32  0.20E-08
271  0  39.04  -95.32  0.89E-09
271  0  39.19  -95.32  0.13E-08
271  0  39.24  -95.32  0.13E-08
271  0  39.29  -95.32  0.17E-08
271  0  39.39  -95.32  0.12E-08
271  0  39.44  -95.32  0.36E-08
271  0  38.39  -95.27  0.48E-10
271  0  38.44  -95.27  0.38E-09
271  0  38.49  -95.27  0.58E-09
271  0  38.69  -95.27  0.41E-09
271  0  38.74  -95.27  0.54E-09
271  0  38.79  -95.27  0.51E-09
271  0  38.84  -95.27  0.72E-09
271  0  38.89  -95.27  0.23E-08
271  0  38.94  -95.27  0.11E-08
271  0  39.04  -95.27  0.85E-09
271  0  39.09  -95.27  0.13E-08
271  0  39.14  -95.27  0.19E-08
271  0  39.19  -95.27  0.94E-09
271  0  39.24  -95.27  0.21E-08
271  0  39.29  -95.27  0.17E-08
271  0  39.34  -95.27  0.12E-08
271  0  39.39  -95.27  0.81E-09
271  0  38.49  -95.22  0.19E-09
271  0  38.54  -95.22  0.60E-09
271  0  38.59  -95.22  0.60E-09
271  0  38.64  -95.22  0.48E-09
271  0  38.69  -95.22  0.58E-09
271  0  38.74  -95.22  0.14E-08
271  0  38.79  -95.22  0.18E-08
271  0  38.84  -95.22  0.14E-08
271  0  38.94  -95.22  0.56E-09
271  0  38.99  -95.22  0.20E-08
271  0  39.04  -95.22  0.62E-09
271  0  39.19  -95.22  0.17E-08
271  0  39.24  -95.22  0.43E-09
271  0  39.09  -95.17  0.86E-09
271  0  39.14  -95.17  0.15E-08
271  0  38.69  -95.12  0.11E-09
271  0  38.74  -95.12  0.22E-09
271  0  38.94  -95.12  0.28E-09
271  0  38.99  -95.12  0.69E-09
271  0  39.04  -95.12  0.78E-09
271  0  39.09  -95.12  0.17E-09
271  0  38.74  -95.07  0.66E-09
271  0  38.79  -95.07  0.80E-09
271  0  38.84  -95.07  0.83E-09
271  0  38.89  -95.07  0.69E-09
271  0  38.94  -95.07  0.42E-09
