DAY HR    LAT     LON CO2 10000
 10  0  39.24  -96.42  0.79E-09
 10  0  39.29  -96.42  0.28E-08
 10  0  39.19  -96.37  0.36E-08
 10  0  39.24  -96.37  0.31E-07
 10  0  39.29  -96.37  0.24E-07
 10  0  39.34  -96.37  0.93E-09
 10  0  39.19  -96.32  0.84E-08
 10  0  39.24  -96.32  0.15E-06
 10  0  39.29  -96.32  0.21E-06
 10  0  39.34  -96.32  0.27E-07
 10  0  39.19  -96.27  0.17E-07
 10  0  39.24  -96.27  0.31E-06
 10  0  39.29  -96.27  0.48E-06
 10  0  39.34  -96.27  0.47E-07
 10  0  39.39  -96.27  0.20E-08
 10  0  39.14  -96.22  0.19E-08
 10  0  39.19  -96.22  0.14E-07
 10  0  39.24  -96.22  0.30E-06
 10  0  39.29  -96.22  0.91E-06
 10  0  39.34  -96.22  0.83E-07
 10  0  39.39  -96.22  0.10E-08
 10  0  39.14  -96.17  0.48E-08
 10  0  39.19  -96.17  0.19E-07
 10  0  39.24  -96.17  0.24E-06
 10  0  39.29  -96.17  0.16E-05
 10  0  39.34  -96.17  0.81E-07
 10  0  39.39  -96.17  0.26E-08
 10  0  39.09  -96.12  0.82E-09
 10  0  39.14  -96.12  0.66E-08
 10  0  39.19  -96.12  0.34E-07
 10  0  39.24  -96.12  0.22E-06
 10  0  39.29  -96.12  0.28E-05
 10  0  39.34  -96.12  0.49E-07
 10  0  39.09  -96.07  0.18E-08
 10  0  39.14  -96.07  0.73E-08
 10  0  39.19  -96.07  0.56E-07
 10  0  39.24  -96.07  0.42E-06
 10  0  39.29  -96.07  0.18E-05
 10  0  39.34  -96.07  0.16E-06
 10  0  39.04  -96.02  0.39E-09
 10  0  39.09  -96.02  0.32E-08
 10  0  39.14  -96.02  0.11E-07
 10  0  39.19  -96.02  0.84E-07
 10  0  39.24  -96.02  0.59E-06
 10  0  39.29  -96.02  0.73E-06
 10  0  39.34  -96.02  0.48E-06
 10  0  39.39  -96.02  0.54E-09
 10  0  39.04  -95.97  0.39E-09
 10  0  39.09  -95.97  0.38E-08
 10  0  39.14  -95.97  0.21E-07
 10  0  39.19  -95.97  0.13E-06
 10  0  39.24  -95.97  0.60E-06
 10  0  39.29  -95.97  0.41E-06
 10  0  39.34  -95.97  0.48E-06
 10  0  39.39  -95.97  0.43E-07
 10  0  38.99  -95.92  0.16E-09
 10  0  39.04  -95.92  0.56E-09
 10  0  39.09  -95.92  0.45E-08
 10  0  39.14  -95.92  0.39E-07
 10  0  39.19  -95.92  0.22E-06
 10  0  39.24  -95.92  0.50E-06
 10  0  39.29  -95.92  0.26E-06
 10  0  39.34  -95.92  0.33E-06
 10  0  39.39  -95.92  0.18E-06
 10  0  39.44  -95.92  0.45E-08
 10  0  39.49  -95.92  0.20E-09
 10  0  38.99  -95.87  0.31E-09
 10  0  39.04  -95.87  0.20E-08
 10  0  39.09  -95.87  0.64E-08
 10  0  39.14  -95.87  0.51E-07
 10  0  39.19  -95.87  0.30E-06
 10  0  39.24  -95.87  0.38E-06
 10  0  39.29  -95.87  0.19E-06
 10  0  39.34  -95.87  0.25E-06
 10  0  39.39  -95.87  0.22E-06
 10  0  39.44  -95.87  0.29E-07
 10  0  39.49  -95.87  0.17E-08
 10  0  39.54  -95.87  0.20E-09
 10  0  38.99  -95.82  0.44E-09
 10  0  39.04  -95.82  0.22E-08
 10  0  39.09  -95.82  0.12E-07
 10  0  39.14  -95.82  0.73E-07
 10  0  39.19  -95.82  0.34E-06
 10  0  39.24  -95.82  0.29E-06
 10  0  39.29  -95.82  0.15E-06
 10  0  39.34  -95.82  0.19E-06
 10  0  39.39  -95.82  0.19E-06
 10  0  39.44  -95.82  0.81E-07
 10  0  39.49  -95.82  0.68E-08
 10  0  39.54  -95.82  0.10E-08
 10  0  38.99  -95.77  0.14E-09
 10  0  39.04  -95.77  0.29E-08
 10  0  39.09  -95.77  0.17E-07
 10  0  39.14  -95.77  0.11E-06
 10  0  39.19  -95.77  0.35E-06
 10  0  39.24  -95.77  0.22E-06
 10  0  39.29  -95.77  0.12E-06
 10  0  39.34  -95.77  0.15E-06
 10  0  39.39  -95.77  0.16E-06
 10  0  39.44  -95.77  0.11E-06
 10  0  39.49  -95.77  0.23E-07
 10  0  39.54  -95.77  0.19E-08
 10  0  39.59  -95.77  0.68E-09
 10  0  38.94  -95.72  0.38E-09
 10  0  38.99  -95.72  0.46E-09
 10  0  39.04  -95.72  0.34E-08
 10  0  39.09  -95.72  0.23E-07
 10  0  39.14  -95.72  0.15E-06
 10  0  39.19  -95.72  0.32E-06
 10  0  39.24  -95.72  0.17E-06
 10  0  39.29  -95.72  0.10E-06
 10  0  39.34  -95.72  0.12E-06
 10  0  39.39  -95.72  0.14E-06
 10  0  39.44  -95.72  0.11E-06
 10  0  39.49  -95.72  0.45E-07
 10  0  39.54  -95.72  0.62E-08
 10  0  39.59  -95.72  0.13E-08
 10  0  38.94  -95.67  0.18E-09
 10  0  38.99  -95.67  0.86E-09
 10  0  39.04  -95.67  0.61E-08
 10  0  39.09  -95.67  0.27E-07
 10  0  39.14  -95.67  0.18E-06
 10  0  39.19  -95.67  0.27E-06
 10  0  39.24  -95.67  0.14E-06
 10  0  39.29  -95.67  0.85E-07
 10  0  39.34  -95.67  0.11E-06
 10  0  39.39  -95.67  0.12E-06
 10  0  39.44  -95.67  0.10E-06
 10  0  39.49  -95.67  0.58E-07
 10  0  39.54  -95.67  0.18E-07
 10  0  39.59  -95.67  0.16E-08
 10  0  39.64  -95.67  0.96E-09
 10  0  38.94  -95.62  0.21E-09
 10  0  38.99  -95.62  0.78E-09
 10  0  39.04  -95.62  0.85E-08
 10  0  39.09  -95.62  0.44E-07
 10  0  39.14  -95.62  0.20E-06
 10  0  39.19  -95.62  0.22E-06
 10  0  39.24  -95.62  0.12E-06
 10  0  39.29  -95.62  0.68E-07
 10  0  39.34  -95.62  0.10E-06
 10  0  39.39  -95.62  0.11E-06
 10  0  39.44  -95.62  0.91E-07
 10  0  39.49  -95.62  0.63E-07
 10  0  39.54  -95.62  0.29E-07
 10  0  39.59  -95.62  0.65E-08
 10  0  39.64  -95.62  0.96E-09
 10  0  39.69  -95.62  0.15E-09
 10  0  38.94  -95.57  0.12E-09
 10  0  38.99  -95.57  0.11E-08
 10  0  39.04  -95.57  0.11E-07
 10  0  39.09  -95.57  0.61E-07
 10  0  39.14  -95.57  0.22E-06
 10  0  39.19  -95.57  0.19E-06
 10  0  39.24  -95.57  0.97E-07
 10  0  39.29  -95.57  0.62E-07
 10  0  39.34  -95.57  0.87E-07
 10  0  39.39  -95.57  0.93E-07
 10  0  39.44  -95.57  0.76E-07
 10  0  39.49  -95.57  0.70E-07
 10  0  39.54  -95.57  0.33E-07
 10  0  39.59  -95.57  0.14E-07
 10  0  39.64  -95.57  0.24E-08
 10  0  39.69  -95.57  0.36E-09
 10  0  38.94  -95.52  0.15E-09
 10  0  38.99  -95.52  0.21E-08
 10  0  39.04  -95.52  0.13E-07
 10  0  39.09  -95.52  0.69E-07
 10  0  39.14  -95.52  0.23E-06
 10  0  39.19  -95.52  0.16E-06
 10  0  39.24  -95.52  0.73E-07
 10  0  39.29  -95.52  0.64E-07
 10  0  39.34  -95.52  0.80E-07
 10  0  39.39  -95.52  0.85E-07
 10  0  39.44  -95.52  0.70E-07
 10  0  39.49  -95.52  0.66E-07
 10  0  39.54  -95.52  0.38E-07
 10  0  39.59  -95.52  0.16E-07
 10  0  39.64  -95.52  0.76E-08
 10  0  39.69  -95.52  0.55E-09
 10  0  39.74  -95.52  0.37E-09
 10  0  38.94  -95.47  0.46E-10
 10  0  38.99  -95.47  0.24E-08
 10  0  39.04  -95.47  0.15E-07
 10  0  39.09  -95.47  0.78E-07
 10  0  39.14  -95.47  0.22E-06
 10  0  39.19  -95.47  0.14E-06
 10  0  39.24  -95.47  0.63E-07
 10  0  39.29  -95.47  0.58E-07
 10  0  39.34  -95.47  0.67E-07
 10  0  39.39  -95.47  0.78E-07
 10  0  39.44  -95.47  0.67E-07
 10  0  39.49  -95.47  0.54E-07
 10  0  39.54  -95.47  0.40E-07
 10  0  39.59  -95.47  0.21E-07
 10  0  39.64  -95.47  0.85E-08
 10  0  39.69  -95.47  0.29E-08
 10  0  39.74  -95.47  0.23E-09
 10  0  39.79  -95.47  0.17E-09
 10  0  38.94  -95.42  0.92E-10
 10  0  38.99  -95.42  0.37E-08
 10  0  39.04  -95.42  0.14E-07
 10  0  39.09  -95.42  0.88E-07
 10  0  39.14  -95.42  0.20E-06
 10  0  39.19  -95.42  0.13E-06
 10  0  39.24  -95.42  0.58E-07
 10  0  39.29  -95.42  0.52E-07
 10  0  39.34  -95.42  0.68E-07
 10  0  39.39  -95.42  0.70E-07
 10  0  39.44  -95.42  0.65E-07
 10  0  39.49  -95.42  0.47E-07
 10  0  39.54  -95.42  0.45E-07
 10  0  39.59  -95.42  0.24E-07
 10  0  39.64  -95.42  0.10E-07
 10  0  39.69  -95.42  0.56E-08
 10  0  39.74  -95.42  0.75E-09
 10  0  39.79  -95.42  0.29E-09
 10  0  38.94  -95.37  0.11E-09
 10  0  38.99  -95.37  0.40E-08
 10  0  39.04  -95.37  0.15E-07
 10  0  39.09  -95.37  0.86E-07
 10  0  39.14  -95.37  0.19E-06
 10  0  39.19  -95.37  0.11E-06
 10  0  39.24  -95.37  0.53E-07
 10  0  39.29  -95.37  0.46E-07
 10  0  39.34  -95.37  0.63E-07
 10  0  39.39  -95.37  0.69E-07
 10  0  39.44  -95.37  0.57E-07
 10  0  39.49  -95.37  0.44E-07
 10  0  39.54  -95.37  0.42E-07
 10  0  39.59  -95.37  0.27E-07
 10  0  39.64  -95.37  0.13E-07
 10  0  39.69  -95.37  0.58E-08
 10  0  39.74  -95.37  0.25E-08
 10  0  39.79  -95.37  0.47E-09
 10  0  39.84  -95.37  0.17E-09
 10  0  38.94  -95.32  0.69E-10
 10  0  38.99  -95.32  0.36E-08
 10  0  39.04  -95.32  0.15E-07
 10  0  39.09  -95.32  0.85E-07
 10  0  39.14  -95.32  0.18E-06
 10  0  39.19  -95.32  0.10E-06
 10  0  39.24  -95.32  0.47E-07
 10  0  39.29  -95.32  0.37E-07
 10  0  39.34  -95.32  0.62E-07
 10  0  39.39  -95.32  0.64E-07
 10  0  39.44  -95.32  0.51E-07
 10  0  39.49  -95.32  0.42E-07
 10  0  39.54  -95.32  0.39E-07
 10  0  39.59  -95.32  0.29E-07
 10  0  39.64  -95.32  0.13E-07
 10  0  39.69  -95.32  0.85E-08
 10  0  39.74  -95.32  0.27E-08
 10  0  39.79  -95.32  0.80E-09
 10  0  38.94  -95.27  0.62E-10
 10  0  38.99  -95.27  0.31E-08
 10  0  39.04  -95.27  0.13E-07
 10  0  39.09  -95.27  0.79E-07
 10  0  39.14  -95.27  0.16E-06
 10  0  39.19  -95.27  0.10E-06
 10  0  39.24  -95.27  0.46E-07
 10  0  39.29  -95.27  0.40E-07
 10  0  39.34  -95.27  0.60E-07
 10  0  39.39  -95.27  0.57E-07
 10  0  39.44  -95.27  0.48E-07
 10  0  39.49  -95.27  0.38E-07
 10  0  39.54  -95.27  0.34E-07
 10  0  39.59  -95.27  0.31E-07
 10  0  39.64  -95.27  0.18E-07
 10  0  39.69  -95.27  0.89E-08
 10  0  39.74  -95.27  0.37E-08
 10  0  39.79  -95.27  0.83E-09
 10  0  39.84  -95.27  0.35E-09
 10  0  38.94  -95.22  0.62E-10
 10  0  38.99  -95.22  0.29E-08
 10  0  39.04  -95.22  0.11E-07
 10  0  39.09  -95.22  0.73E-07
 10  0  39.14  -95.22  0.16E-06
 10  0  39.19  -95.22  0.96E-07
 10  0  39.24  -95.22  0.48E-07
 10  0  39.29  -95.22  0.41E-07
 10  0  39.34  -95.22  0.57E-07
 10  0  39.39  -95.22  0.53E-07
 10  0  39.44  -95.22  0.46E-07
 10  0  39.49  -95.22  0.34E-07
 10  0  39.54  -95.22  0.31E-07
 10  0  39.59  -95.22  0.27E-07
 10  0  39.64  -95.22  0.19E-07
 10  0  39.69  -95.22  0.11E-07
 10  0  39.74  -95.22  0.50E-08
 10  0  39.79  -95.22  0.16E-08
 10  0  39.84  -95.22  0.75E-09
 10  0  39.89  -95.22  0.55E-10
 10  0  38.99  -95.17  0.26E-08
 10  0  39.04  -95.17  0.10E-07
 10  0  39.09  -95.17  0.62E-07
 10  0  39.14  -95.17  0.14E-06
 10  0  39.19  -95.17  0.97E-07
 10  0  39.24  -95.17  0.47E-07
 10  0  39.29  -95.17  0.43E-07
 10  0  39.34  -95.17  0.48E-07
 10  0  39.39  -95.17  0.54E-07
 10  0  39.44  -95.17  0.40E-07
 10  0  39.49  -95.17  0.35E-07
 10  0  39.54  -95.17  0.30E-07
 10  0  39.59  -95.17  0.26E-07
 10  0  39.64  -95.17  0.20E-07
 10  0  39.69  -95.17  0.12E-07
 10  0  39.74  -95.17  0.63E-08
 10  0  39.79  -95.17  0.25E-08
 10  0  39.84  -95.17  0.58E-09
 10  0  39.89  -95.17  0.33E-09
 10  0  39.94  -95.17  0.27E-10
 10  0  38.99  -95.12  0.19E-08
 10  0  39.04  -95.12  0.10E-07
 10  0  39.09  -95.12  0.55E-07
 10  0  39.14  -95.12  0.13E-06
 10  0  39.19  -95.12  0.10E-06
 10  0  39.24  -95.12  0.49E-07
 10  0  39.29  -95.12  0.43E-07
 10  0  39.34  -95.12  0.47E-07
 10  0  39.39  -95.12  0.49E-07
 10  0  39.44  -95.12  0.39E-07
 10  0  39.49  -95.12  0.33E-07
 10  0  39.54  -95.12  0.26E-07
 10  0  39.59  -95.12  0.26E-07
 10  0  39.64  -95.12  0.19E-07
 10  0  39.69  -95.12  0.12E-07
 10  0  39.74  -95.12  0.71E-08
 10  0  39.79  -95.12  0.35E-08
 10  0  39.84  -95.12  0.98E-09
 10  0  39.89  -95.12  0.41E-09
 10  0  39.94  -95.12  0.12E-09
 10  0  38.99  -95.07  0.18E-08
 10  0  39.04  -95.07  0.11E-07
 10  0  39.09  -95.07  0.46E-07
 10  0  39.14  -95.07  0.12E-06
 10  0  39.19  -95.07  0.98E-07
 10  0  39.24  -95.07  0.52E-07
 10  0  39.29  -95.07  0.40E-07
 10  0  39.34  -95.07  0.43E-07
 10  0  39.39  -95.07  0.49E-07
 10  0  39.44  -95.07  0.37E-07
 10  0  39.49  -95.07  0.24E-07
 10  0  39.54  -95.07  0.25E-07
 10  0  39.59  -95.07  0.26E-07
 10  0  39.64  -95.07  0.20E-07
 10  0  39.69  -95.07  0.13E-07
 10  0  39.74  -95.07  0.91E-08
 10  0  39.79  -95.07  0.32E-08
 10  0  39.84  -95.07  0.16E-08
 10  0  39.89  -95.07  0.40E-09
 10  0  39.94  -95.07  0.13E-09
 10  0  39.99  -95.07  0.55E-10
 10  0  38.99  -95.02  0.22E-08
 10  0  39.04  -95.02  0.88E-08
 10  0  39.09  -95.02  0.43E-07
 10  0  39.14  -95.02  0.12E-06
 10  0  39.19  -95.02  0.96E-07
 10  0  39.24  -95.02  0.56E-07
 10  0  39.29  -95.02  0.38E-07
 10  0  39.34  -95.02  0.40E-07
 10  0  39.39  -95.02  0.49E-07
 10  0  39.44  -95.02  0.35E-07
 10  0  39.49  -95.02  0.27E-07
 10  0  39.54  -95.02  0.24E-07
 10  0  39.59  -95.02  0.21E-07
 10  0  39.64  -95.02  0.21E-07
 10  0  39.69  -95.02  0.12E-07
 10  0  39.74  -95.02  0.95E-08
 10  0  39.79  -95.02  0.56E-08
 10  0  39.84  -95.02  0.13E-08
 10  0  39.89  -95.02  0.65E-09
 10  0  39.94  -95.02  0.70E-10
 10  0  39.99  -95.02  0.16E-09
 10  0  40.04  -95.02  0.27E-10
 10  0  38.99  -94.97  0.22E-08
 10  0  39.04  -94.97  0.78E-08
 10  0  39.09  -94.97  0.34E-07
 10  0  39.14  -94.97  0.11E-06
 10  0  39.19  -94.97  0.10E-06
 10  0  39.24  -94.97  0.58E-07
 10  0  39.29  -94.97  0.40E-07
 10  0  39.34  -94.97  0.36E-07
 10  0  39.39  -94.97  0.45E-07
 10  0  39.44  -94.97  0.34E-07
 10  0  39.49  -94.97  0.27E-07
 10  0  39.54  -94.97  0.19E-07
 10  0  39.59  -94.97  0.21E-07
 10  0  39.64  -94.97  0.21E-07
 10  0  39.69  -94.97  0.12E-07
 10  0  39.74  -94.97  0.89E-08
 10  0  39.79  -94.97  0.54E-08
 10  0  39.84  -94.97  0.33E-08
 10  0  39.89  -94.97  0.77E-09
 10  0  39.94  -94.97  0.41E-09
 10  0  39.99  -94.97  0.67E-10
 10  0  40.04  -94.97  0.55E-10
 10  0  38.99  -94.92  0.27E-08
 10  0  39.04  -94.92  0.73E-08
 10  0  39.09  -94.92  0.29E-07
 10  0  39.14  -94.92  0.92E-07
 10  0  39.19  -94.92  0.11E-06
 10  0  39.24  -94.92  0.57E-07
 10  0  39.29  -94.92  0.39E-07
 10  0  39.34  -94.92  0.34E-07
 10  0  39.39  -94.92  0.40E-07
 10  0  39.44  -94.92  0.33E-07
 10  0  39.49  -94.92  0.28E-07
 10  0  39.54  -94.92  0.17E-07
 10  0  39.59  -94.92  0.19E-07
 10  0  39.64  -94.92  0.18E-07
 10  0  39.69  -94.92  0.14E-07
 10  0  39.74  -94.92  0.70E-08
 10  0  39.79  -94.92  0.62E-08
 10  0  39.84  -94.92  0.31E-08
 10  0  39.89  -94.92  0.81E-09
 10  0  39.94  -94.92  0.66E-09
 10  0  39.99  -94.92  0.67E-10
 10  0  40.04  -94.92  0.67E-10
 10  0  40.09  -94.92  0.55E-10
 10  0  38.99  -94.87  0.24E-08
 10  0  39.04  -94.87  0.76E-08
 10  0  39.09  -94.87  0.26E-07
 10  0  39.14  -94.87  0.88E-07
 10  0  39.19  -94.87  0.10E-06
 10  0  39.24  -94.87  0.59E-07
 10  0  39.29  -94.87  0.42E-07
 10  0  39.34  -94.87  0.32E-07
 10  0  39.39  -94.87  0.36E-07
 10  0  39.44  -94.87  0.35E-07
 10  0  39.49  -94.87  0.25E-07
 10  0  39.54  -94.87  0.20E-07
 10  0  39.59  -94.87  0.16E-07
 10  0  39.64  -94.87  0.16E-07
 10  0  39.69  -94.87  0.16E-07
 10  0  39.74  -94.87  0.75E-08
 10  0  39.79  -94.87  0.58E-08
 10  0  39.84  -94.87  0.37E-08
 10  0  39.89  -94.87  0.16E-08
 10  0  39.94  -94.87  0.73E-09
 10  0  39.99  -94.87  0.26E-09
 10  0  40.04  -94.87  0.67E-10
 10  0  40.14  -94.87  0.82E-10
 10  0  38.99  -94.82  0.26E-08
 10  0  39.04  -94.82  0.71E-08
 10  0  39.09  -94.82  0.23E-07
 10  0  39.14  -94.82  0.81E-07
 10  0  39.19  -94.82  0.97E-07
 10  0  39.24  -94.82  0.60E-07
 10  0  39.29  -94.82  0.43E-07
 10  0  39.34  -94.82  0.31E-07
 10  0  39.39  -94.82  0.30E-07
 10  0  39.44  -94.82  0.30E-07
 10  0  39.49  -94.82  0.24E-07
 10  0  39.54  -94.82  0.21E-07
 10  0  39.59  -94.82  0.14E-07
 10  0  39.64  -94.82  0.15E-07
 10  0  39.69  -94.82  0.14E-07
 10  0  39.74  -94.82  0.97E-08
 10  0  39.79  -94.82  0.61E-08
 10  0  39.84  -94.82  0.38E-08
 10  0  39.89  -94.82  0.16E-08
 10  0  39.94  -94.82  0.60E-09
 10  0  39.99  -94.82  0.54E-09
 10  0  40.04  -94.82  0.13E-09
 10  0  40.19  -94.82  0.53E-10
 10  0  38.99  -94.77  0.26E-08
 10  0  39.04  -94.77  0.67E-08
 10  0  39.09  -94.77  0.23E-07
 10  0  39.14  -94.77  0.72E-07
 10  0  39.19  -94.77  0.85E-07
 10  0  39.24  -94.77  0.58E-07
 10  0  39.29  -94.77  0.43E-07
 10  0  39.34  -94.77  0.30E-07
 10  0  39.39  -94.77  0.27E-07
 10  0  39.44  -94.77  0.26E-07
 10  0  39.49  -94.77  0.23E-07
 10  0  39.54  -94.77  0.22E-07
 10  0  39.59  -94.77  0.15E-07
 10  0  39.64  -94.77  0.12E-07
 10  0  39.69  -94.77  0.14E-07
 10  0  39.74  -94.77  0.12E-07
 10  0  39.79  -94.77  0.62E-08
 10  0  39.84  -94.77  0.38E-08
 10  0  39.89  -94.77  0.17E-08
 10  0  39.94  -94.77  0.11E-08
 10  0  39.99  -94.77  0.23E-09
 10  0  40.04  -94.77  0.17E-09
 10  0  40.19  -94.77  0.48E-10
 10  0  40.24  -94.77  0.20E-10
 10  0  38.99  -94.72  0.26E-08
 10  0  39.04  -94.72  0.59E-08
 10  0  39.09  -94.72  0.21E-07
 10  0  39.14  -94.72  0.68E-07
 10  0  39.19  -94.72  0.81E-07
 10  0  39.24  -94.72  0.57E-07
 10  0  39.29  -94.72  0.41E-07
 10  0  39.34  -94.72  0.29E-07
 10  0  39.39  -94.72  0.25E-07
 10  0  39.44  -94.72  0.25E-07
 10  0  39.49  -94.72  0.24E-07
 10  0  39.54  -94.72  0.20E-07
 10  0  39.59  -94.72  0.16E-07
 10  0  39.64  -94.72  0.13E-07
 10  0  39.69  -94.72  0.12E-07
 10  0  39.74  -94.72  0.10E-07
 10  0  39.79  -94.72  0.56E-08
 10  0  39.84  -94.72  0.45E-08
 10  0  39.89  -94.72  0.19E-08
 10  0  39.94  -94.72  0.11E-08
 10  0  39.99  -94.72  0.38E-09
 10  0  40.04  -94.72  0.58E-09
 10  0  40.09  -94.72  0.13E-09
 10  0  40.24  -94.72  0.20E-10
 10  0  38.99  -94.67  0.16E-08
 10  0  39.04  -94.67  0.69E-08
 10  0  39.09  -94.67  0.24E-07
 10  0  39.14  -94.67  0.61E-07
 10  0  39.19  -94.67  0.75E-07
 10  0  39.24  -94.67  0.52E-07
 10  0  39.29  -94.67  0.41E-07
 10  0  39.34  -94.67  0.27E-07
 10  0  39.39  -94.67  0.23E-07
 10  0  39.44  -94.67  0.24E-07
 10  0  39.49  -94.67  0.22E-07
 10  0  39.54  -94.67  0.19E-07
 10  0  39.59  -94.67  0.17E-07
 10  0  39.64  -94.67  0.11E-07
 10  0  39.69  -94.67  0.12E-07
 10  0  39.74  -94.67  0.98E-08
 10  0  39.79  -94.67  0.74E-08
 10  0  39.84  -94.67  0.50E-08
 10  0  39.89  -94.67  0.20E-08
 10  0  39.94  -94.67  0.11E-08
 10  0  39.99  -94.67  0.55E-09
 10  0  40.04  -94.67  0.80E-10
 10  0  40.09  -94.67  0.35E-09
 10  0  38.99  -94.62  0.26E-08
 10  0  39.04  -94.62  0.64E-08
 10  0  39.09  -94.62  0.24E-07
 10  0  39.14  -94.62  0.56E-07
 10  0  39.19  -94.62  0.64E-07
 10  0  39.24  -94.62  0.53E-07
 10  0  39.29  -94.62  0.39E-07
 10  0  39.34  -94.62  0.25E-07
 10  0  39.39  -94.62  0.21E-07
 10  0  39.44  -94.62  0.22E-07
 10  0  39.49  -94.62  0.19E-07
 10  0  39.54  -94.62  0.18E-07
 10  0  39.59  -94.62  0.16E-07
 10  0  39.64  -94.62  0.10E-07
 10  0  39.69  -94.62  0.11E-07
 10  0  39.74  -94.62  0.77E-08
 10  0  39.79  -94.62  0.94E-08
 10  0  39.84  -94.62  0.36E-08
 10  0  39.89  -94.62  0.23E-08
 10  0  39.94  -94.62  0.10E-08
 10  0  39.99  -94.62  0.86E-09
 10  0  40.04  -94.62  0.17E-09
 10  0  40.09  -94.62  0.19E-09
 10  0  40.14  -94.62  0.12E-10
 10  0  38.94  -94.57  0.12E-09
 10  0  38.99  -94.57  0.18E-08
 10  0  39.04  -94.57  0.62E-08
 10  0  39.09  -94.57  0.22E-07
 10  0  39.14  -94.57  0.52E-07
 10  0  39.19  -94.57  0.54E-07
 10  0  39.24  -94.57  0.53E-07
 10  0  39.29  -94.57  0.37E-07
 10  0  39.34  -94.57  0.26E-07
 10  0  39.39  -94.57  0.21E-07
 10  0  39.44  -94.57  0.19E-07
 10  0  39.49  -94.57  0.20E-07
 10  0  39.54  -94.57  0.16E-07
 10  0  39.59  -94.57  0.15E-07
 10  0  39.64  -94.57  0.11E-07
 10  0  39.69  -94.57  0.11E-07
 10  0  39.74  -94.57  0.76E-08
 10  0  39.79  -94.57  0.68E-08
 10  0  39.84  -94.57  0.45E-08
 10  0  39.89  -94.57  0.23E-08
 10  0  39.94  -94.57  0.13E-08
 10  0  39.99  -94.57  0.32E-09
 10  0  40.04  -94.57  0.32E-09
 10  0  40.09  -94.57  0.14E-09
 10  0  40.14  -94.57  0.23E-10
 10  0  38.94  -94.52  0.23E-09
 10  0  38.99  -94.52  0.18E-08
 10  0  39.04  -94.52  0.51E-08
 10  0  39.09  -94.52  0.23E-07
 10  0  39.14  -94.52  0.49E-07
 10  0  39.19  -94.52  0.47E-07
 10  0  39.24  -94.52  0.50E-07
 10  0  39.29  -94.52  0.37E-07
 10  0  39.34  -94.52  0.24E-07
 10  0  39.39  -94.52  0.20E-07
 10  0  39.44  -94.52  0.18E-07
 10  0  39.49  -94.52  0.17E-07
 10  0  39.54  -94.52  0.17E-07
 10  0  39.59  -94.52  0.14E-07
 10  0  39.64  -94.52  0.11E-07
 10  0  39.69  -94.52  0.99E-08
 10  0  39.74  -94.52  0.76E-08
 10  0  39.79  -94.52  0.71E-08
 10  0  39.84  -94.52  0.53E-08
 10  0  39.89  -94.52  0.22E-08
 10  0  39.94  -94.52  0.19E-08
 10  0  39.99  -94.52  0.48E-09
 10  0  40.04  -94.52  0.40E-09
 10  0  40.14  -94.52  0.24E-09
 10  0  40.19  -94.52  0.23E-10
 10  0  38.94  -94.47  0.16E-09
 10  0  38.99  -94.47  0.18E-08
 10  0  39.04  -94.47  0.47E-08
 10  0  39.09  -94.47  0.21E-07
 10  0  39.14  -94.47  0.45E-07
 10  0  39.19  -94.47  0.43E-07
 10  0  39.24  -94.47  0.44E-07
 10  0  39.29  -94.47  0.36E-07
 10  0  39.34  -94.47  0.23E-07
 10  0  39.39  -94.47  0.21E-07
 10  0  39.44  -94.47  0.16E-07
 10  0  39.49  -94.47  0.16E-07
 10  0  39.54  -94.47  0.16E-07
 10  0  39.59  -94.47  0.14E-07
 10  0  39.64  -94.47  0.99E-08
 10  0  39.69  -94.47  0.88E-08
 10  0  39.74  -94.47  0.79E-08
 10  0  39.79  -94.47  0.58E-08
 10  0  39.84  -94.47  0.53E-08
 10  0  39.89  -94.47  0.26E-08
 10  0  39.94  -94.47  0.15E-08
 10  0  39.99  -94.47  0.97E-09
 10  0  40.04  -94.47  0.38E-09
 10  0  40.09  -94.47  0.25E-09
 10  0  40.14  -94.47  0.24E-10
 10  0  40.19  -94.47  0.48E-10
 10  0  38.94  -94.42  0.28E-09
 10  0  38.99  -94.42  0.18E-08
 10  0  39.04  -94.42  0.60E-08
 10  0  39.09  -94.42  0.17E-07
 10  0  39.14  -94.42  0.43E-07
 10  0  39.19  -94.42  0.38E-07
 10  0  39.24  -94.42  0.40E-07
 10  0  39.29  -94.42  0.35E-07
 10  0  39.34  -94.42  0.23E-07
 10  0  39.39  -94.42  0.21E-07
 10  0  39.44  -94.42  0.15E-07
 10  0  39.49  -94.42  0.16E-07
 10  0  39.54  -94.42  0.14E-07
 10  0  39.59  -94.42  0.13E-07
 10  0  39.64  -94.42  0.11E-07
 10  0  39.69  -94.42  0.86E-08
 10  0  39.74  -94.42  0.72E-08
 10  0  39.79  -94.42  0.59E-08
 10  0  39.84  -94.42  0.44E-08
 10  0  39.89  -94.42  0.28E-08
 10  0  39.94  -94.42  0.16E-08
 10  0  39.99  -94.42  0.70E-09
 10  0  40.04  -94.42  0.30E-09
 10  0  40.09  -94.42  0.12E-09
 10  0  40.19  -94.42  0.49E-10
 10  0  40.24  -94.42  0.12E-10
 10  0  38.94  -94.37  0.23E-09
 10  0  38.99  -94.37  0.10E-08
 10  0  39.04  -94.37  0.63E-08
 10  0  39.09  -94.37  0.15E-07
 10  0  39.14  -94.37  0.40E-07
 10  0  39.19  -94.37  0.39E-07
 10  0  39.24  -94.37  0.35E-07
 10  0  39.29  -94.37  0.35E-07
 10  0  39.34  -94.37  0.23E-07
 10  0  39.39  -94.37  0.19E-07
 10  0  39.44  -94.37  0.17E-07
 10  0  39.49  -94.37  0.15E-07
 10  0  39.54  -94.37  0.13E-07
 10  0  39.59  -94.37  0.14E-07
 10  0  39.64  -94.37  0.94E-08
 10  0  39.69  -94.37  0.96E-08
 10  0  39.74  -94.37  0.65E-08
 10  0  39.79  -94.37  0.60E-08
 10  0  39.84  -94.37  0.51E-08
 10  0  39.89  -94.37  0.31E-08
 10  0  39.94  -94.37  0.21E-08
 10  0  39.99  -94.37  0.50E-09
 10  0  40.04  -94.37  0.65E-09
 10  0  40.09  -94.37  0.10E-09
 10  0  40.14  -94.37  0.22E-09
 10  0  40.19  -94.37  0.23E-10
 10  0  40.24  -94.37  0.46E-10
 10  0  38.94  -94.32  0.34E-09
 10  0  38.99  -94.32  0.89E-09
 10  0  39.04  -94.32  0.54E-08
 10  0  39.09  -94.32  0.16E-07
 10  0  39.14  -94.32  0.34E-07
 10  0  39.19  -94.32  0.36E-07
 10  0  39.24  -94.32  0.33E-07
 10  0  39.29  -94.32  0.31E-07
 10  0  39.34  -94.32  0.25E-07
 10  0  39.39  -94.32  0.17E-07
 10  0  39.44  -94.32  0.17E-07
 10  0  39.49  -94.32  0.14E-07
 10  0  39.54  -94.32  0.14E-07
 10  0  39.59  -94.32  0.12E-07
 10  0  39.64  -94.32  0.10E-07
 10  0  39.69  -94.32  0.81E-08
 10  0  39.74  -94.32  0.77E-08
 10  0  39.79  -94.32  0.51E-08
 10  0  39.84  -94.32  0.43E-08
 10  0  39.89  -94.32  0.29E-08
 10  0  39.94  -94.32  0.15E-08
 10  0  39.99  -94.32  0.64E-09
 10  0  40.04  -94.32  0.39E-09
 10  0  40.09  -94.32  0.60E-10
 10  0  40.14  -94.32  0.36E-10
 10  0  40.19  -94.32  0.13E-09
 10  0  40.24  -94.32  0.46E-10
 10  0  40.29  -94.32  0.23E-10
 10  0  38.99  -94.27  0.13E-08
 10  0  39.04  -94.27  0.54E-08
 10  0  39.09  -94.27  0.15E-07
 10  0  39.14  -94.27  0.30E-07
 10  0  39.19  -94.27  0.34E-07
 10  0  39.24  -94.27  0.33E-07
 10  0  39.29  -94.27  0.31E-07
 10  0  39.34  -94.27  0.24E-07
 10  0  39.39  -94.27  0.18E-07
 10  0  39.44  -94.27  0.17E-07
 10  0  39.49  -94.27  0.14E-07
 10  0  39.54  -94.27  0.13E-07
 10  0  39.59  -94.27  0.11E-07
 10  0  39.64  -94.27  0.11E-07
 10  0  39.69  -94.27  0.67E-08
 10  0  39.74  -94.27  0.67E-08
 10  0  39.79  -94.27  0.52E-08
 10  0  39.84  -94.27  0.38E-08
 10  0  39.89  -94.27  0.39E-08
 10  0  39.94  -94.27  0.14E-08
 10  0  39.99  -94.27  0.65E-09
 10  0  40.04  -94.27  0.57E-09
 10  0  40.09  -94.27  0.24E-09
 10  0  40.14  -94.27  0.73E-11
 10  0  40.19  -94.27  0.13E-09
 10  0  40.24  -94.27  0.23E-10
 10  0  40.29  -94.27  0.35E-10
 10  0  38.99  -94.22  0.10E-08
 10  0  39.04  -94.22  0.46E-08
 10  0  39.09  -94.22  0.12E-07
 10  0  39.14  -94.22  0.24E-07
 10  0  39.19  -94.22  0.33E-07
 10  0  39.24  -94.22  0.31E-07
 10  0  39.29  -94.22  0.31E-07
 10  0  39.34  -94.22  0.22E-07
 10  0  39.39  -94.22  0.19E-07
 10  0  39.44  -94.22  0.16E-07
 10  0  39.49  -94.22  0.13E-07
 10  0  39.54  -94.22  0.12E-07
 10  0  39.59  -94.22  0.13E-07
 10  0  39.64  -94.22  0.96E-08
 10  0  39.69  -94.22  0.73E-08
 10  0  39.74  -94.22  0.61E-08
 10  0  39.79  -94.22  0.45E-08
 10  0  39.84  -94.22  0.46E-08
 10  0  39.89  -94.22  0.33E-08
 10  0  39.94  -94.22  0.17E-08
 10  0  39.99  -94.22  0.65E-09
 10  0  40.04  -94.22  0.26E-09
 10  0  40.09  -94.22  0.55E-09
 10  0  40.19  -94.22  0.29E-10
 10  0  40.24  -94.22  0.14E-09
 10  0  40.29  -94.22  0.12E-10
 10  0  40.34  -94.22  0.12E-10
 10  0  38.99  -94.17  0.10E-08
 10  0  39.04  -94.17  0.45E-08
 10  0  39.09  -94.17  0.90E-08
 10  0  39.14  -94.17  0.23E-07
 10  0  39.19  -94.17  0.29E-07
 10  0  39.24  -94.17  0.34E-07
 10  0  39.29  -94.17  0.28E-07
 10  0  39.34  -94.17  0.23E-07
 10  0  39.39  -94.17  0.19E-07
 10  0  39.44  -94.17  0.17E-07
 10  0  39.49  -94.17  0.13E-07
 10  0  39.54  -94.17  0.11E-07
 10  0  39.59  -94.17  0.13E-07
 10  0  39.64  -94.17  0.89E-08
 10  0  39.69  -94.17  0.76E-08
 10  0  39.74  -94.17  0.64E-08
 10  0  39.79  -94.17  0.45E-08
 10  0  39.84  -94.17  0.36E-08
 10  0  39.89  -94.17  0.33E-08
 10  0  39.94  -94.17  0.15E-08
 10  0  39.99  -94.17  0.61E-09
 10  0  40.04  -94.17  0.51E-09
 10  0  40.09  -94.17  0.27E-09
 10  0  40.14  -94.17  0.12E-09
 10  0  40.24  -94.17  0.68E-10
 10  0  40.29  -94.17  0.68E-10
 10  0  38.99  -94.12  0.91E-09
 10  0  39.04  -94.12  0.46E-08
 10  0  39.09  -94.12  0.72E-08
 10  0  39.14  -94.12  0.21E-07
 10  0  39.19  -94.12  0.26E-07
 10  0  39.24  -94.12  0.34E-07
 10  0  39.29  -94.12  0.26E-07
 10  0  39.34  -94.12  0.25E-07
 10  0  39.39  -94.12  0.18E-07
 10  0  39.44  -94.12  0.16E-07
 10  0  39.49  -94.12  0.14E-07
 10  0  39.54  -94.12  0.11E-07
 10  0  39.59  -94.12  0.12E-07
 10  0  39.64  -94.12  0.90E-08
 10  0  39.69  -94.12  0.86E-08
 10  0  39.74  -94.12  0.61E-08
 10  0  39.79  -94.12  0.46E-08
 10  0  39.84  -94.12  0.36E-08
 10  0  39.89  -94.12  0.39E-08
 10  0  39.94  -94.12  0.15E-08
 10  0  39.99  -94.12  0.99E-09
 10  0  40.04  -94.12  0.36E-09
 10  0  40.09  -94.12  0.26E-09
 10  0  40.14  -94.12  0.84E-10
 10  0  40.29  -94.12  0.13E-09
 10  0  40.34  -94.12  0.20E-10
 10  0  38.99  -94.07  0.55E-09
 10  0  39.04  -94.07  0.32E-08
 10  0  39.09  -94.07  0.66E-08
 10  0  39.14  -94.07  0.18E-07
 10  0  39.19  -94.07  0.26E-07
 10  0  39.24  -94.07  0.30E-07
 10  0  39.29  -94.07  0.29E-07
 10  0  39.34  -94.07  0.23E-07
 10  0  39.39  -94.07  0.18E-07
 10  0  39.44  -94.07  0.17E-07
 10  0  39.49  -94.07  0.13E-07
 10  0  39.54  -94.07  0.11E-07
 10  0  39.59  -94.07  0.11E-07
 10  0  39.64  -94.07  0.84E-08
 10  0  39.69  -94.07  0.94E-08
 10  0  39.74  -94.07  0.51E-08
 10  0  39.79  -94.07  0.51E-08
 10  0  39.84  -94.07  0.34E-08
 10  0  39.89  -94.07  0.33E-08
 10  0  39.94  -94.07  0.15E-08
 10  0  39.99  -94.07  0.14E-08
 10  0  40.04  -94.07  0.34E-09
 10  0  40.09  -94.07  0.37E-09
 10  0  40.14  -94.07  0.14E-09
 10  0  40.19  -94.07  0.44E-10
 10  0  40.34  -94.07  0.65E-10
 10  0  38.94  -94.02  0.29E-09
 10  0  39.04  -94.02  0.24E-08
 10  0  39.09  -94.02  0.74E-08
 10  0  39.14  -94.02  0.13E-07
 10  0  39.19  -94.02  0.23E-07
 10  0  39.24  -94.02  0.29E-07
 10  0  39.29  -94.02  0.27E-07
 10  0  39.34  -94.02  0.21E-07
 10  0  39.39  -94.02  0.20E-07
 10  0  39.44  -94.02  0.16E-07
 10  0  39.49  -94.02  0.13E-07
 10  0  39.54  -94.02  0.93E-08
 10  0  39.59  -94.02  0.96E-08
 10  0  39.64  -94.02  0.90E-08
 10  0  39.69  -94.02  0.85E-08
 10  0  39.74  -94.02  0.41E-08
 10  0  39.79  -94.02  0.45E-08
 10  0  39.84  -94.02  0.34E-08
 10  0  39.89  -94.02  0.29E-08
 10  0  39.94  -94.02  0.17E-08
 10  0  39.99  -94.02  0.98E-09
 10  0  40.04  -94.02  0.54E-09
 10  0  40.09  -94.02  0.22E-09
 10  0  40.14  -94.02  0.10E-09
 10  0  40.19  -94.02  0.59E-10
 10  0  40.34  -94.02  0.11E-09
 10  0  40.39  -94.02  0.20E-10
 10  0  38.94  -93.97  0.29E-09
 10  0  39.04  -93.97  0.22E-08
 10  0  39.09  -93.97  0.65E-08
 10  0  39.14  -93.97  0.10E-07
 10  0  39.19  -93.97  0.21E-07
 10  0  39.24  -93.97  0.25E-07
 10  0  39.29  -93.97  0.29E-07
 10  0  39.34  -93.97  0.21E-07
 10  0  39.39  -93.97  0.21E-07
 10  0  39.44  -93.97  0.14E-07
 10  0  39.49  -93.97  0.14E-07
 10  0  39.54  -93.97  0.10E-07
 10  0  39.59  -93.97  0.93E-08
 10  0  39.64  -93.97  0.94E-08
 10  0  39.69  -93.97  0.76E-08
 10  0  39.74  -93.97  0.60E-08
 10  0  39.79  -93.97  0.38E-08
 10  0  39.84  -93.97  0.38E-08
 10  0  39.89  -93.97  0.21E-08
 10  0  39.94  -93.97  0.20E-08
 10  0  39.99  -93.97  0.71E-09
 10  0  40.04  -93.97  0.62E-09
 10  0  40.09  -93.97  0.28E-09
 10  0  40.14  -93.97  0.53E-10
 10  0  40.19  -93.97  0.52E-10
 10  0  40.24  -93.97  0.22E-10
 10  0  40.39  -93.97  0.11E-09
 10  0  38.94  -93.92  0.29E-09
 10  0  39.04  -93.92  0.21E-08
 10  0  39.09  -93.92  0.58E-08
 10  0  39.14  -93.92  0.82E-08
 10  0  39.19  -93.92  0.19E-07
 10  0  39.24  -93.92  0.21E-07
 10  0  39.29  -93.92  0.28E-07
 10  0  39.34  -93.92  0.19E-07
 10  0  39.39  -93.92  0.21E-07
 10  0  39.44  -93.92  0.14E-07
 10  0  39.49  -93.92  0.14E-07
 10  0  39.54  -93.92  0.11E-07
 10  0  39.59  -93.92  0.10E-07
 10  0  39.64  -93.92  0.85E-08
 10  0  39.69  -93.92  0.67E-08
 10  0  39.74  -93.92  0.58E-08
 10  0  39.79  -93.92  0.35E-08
 10  0  39.84  -93.92  0.30E-08
 10  0  39.89  -93.92  0.20E-08
 10  0  39.94  -93.92  0.13E-08
 10  0  39.99  -93.92  0.11E-08
 10  0  40.04  -93.92  0.56E-09
 10  0  40.09  -93.92  0.10E-09
 10  0  40.14  -93.92  0.27E-09
 10  0  40.19  -93.92  0.10E-09
 10  0  40.24  -93.92  0.22E-10
 10  0  40.39  -93.92  0.65E-10
 10  0  38.94  -93.87  0.43E-09
 10  0  39.04  -93.87  0.13E-08
 10  0  39.09  -93.87  0.42E-08
 10  0  39.14  -93.87  0.85E-08
 10  0  39.19  -93.87  0.16E-07
 10  0  39.24  -93.87  0.20E-07
 10  0  39.29  -93.87  0.25E-07
 10  0  39.34  -93.87  0.20E-07
 10  0  39.39  -93.87  0.20E-07
 10  0  39.44  -93.87  0.15E-07
 10  0  39.49  -93.87  0.13E-07
 10  0  39.54  -93.87  0.10E-07
 10  0  39.59  -93.87  0.11E-07
 10  0  39.64  -93.87  0.67E-08
 10  0  39.69  -93.87  0.78E-08
 10  0  39.74  -93.87  0.60E-08
 10  0  39.79  -93.87  0.33E-08
 10  0  39.84  -93.87  0.29E-08
 10  0  39.89  -93.87  0.26E-08
 10  0  39.94  -93.87  0.13E-08
 10  0  39.99  -93.87  0.63E-09
 10  0  40.04  -93.87  0.66E-09
 10  0  40.09  -93.87  0.14E-09
 10  0  40.14  -93.87  0.15E-09
 10  0  40.19  -93.87  0.52E-10
 10  0  40.24  -93.87  0.44E-10
 10  0  40.44  -93.87  0.46E-10
 10  0  38.94  -93.82  0.14E-09
 10  0  38.99  -93.82  0.14E-09
 10  0  39.04  -93.82  0.76E-09
 10  0  39.09  -93.82  0.27E-08
 10  0  39.14  -93.82  0.78E-08
 10  0  39.19  -93.82  0.12E-07
 10  0  39.24  -93.82  0.22E-07
 10  0  39.29  -93.82  0.21E-07
 10  0  39.34  -93.82  0.20E-07
 10  0  39.39  -93.82  0.18E-07
 10  0  39.44  -93.82  0.17E-07
 10  0  39.49  -93.82  0.11E-07
 10  0  39.54  -93.82  0.91E-08
 10  0  39.59  -93.82  0.10E-07
 10  0  39.64  -93.82  0.80E-08
 10  0  39.69  -93.82  0.73E-08
 10  0  39.74  -93.82  0.49E-08
 10  0  39.79  -93.82  0.33E-08
 10  0  39.84  -93.82  0.29E-08
 10  0  39.89  -93.82  0.16E-08
 10  0  39.94  -93.82  0.14E-08
 10  0  39.99  -93.82  0.45E-09
 10  0  40.04  -93.82  0.46E-09
 10  0  40.09  -93.82  0.48E-09
 10  0  40.14  -93.82  0.14E-09
 10  0  40.24  -93.82  0.11E-09
 10  0  40.44  -93.82  0.46E-10
 10  0  38.94  -93.77  0.14E-09
 10  0  38.99  -93.77  0.14E-09
 10  0  39.04  -93.77  0.53E-09
 10  0  39.09  -93.77  0.24E-08
 10  0  39.14  -93.77  0.70E-08
 10  0  39.19  -93.77  0.97E-08
 10  0  39.24  -93.77  0.18E-07
 10  0  39.29  -93.77  0.17E-07
 10  0  39.34  -93.77  0.20E-07
 10  0  39.39  -93.77  0.17E-07
 10  0  39.44  -93.77  0.15E-07
 10  0  39.49  -93.77  0.13E-07
 10  0  39.54  -93.77  0.87E-08
 10  0  39.59  -93.77  0.91E-08
 10  0  39.64  -93.77  0.83E-08
 10  0  39.69  -93.77  0.67E-08
 10  0  39.74  -93.77  0.60E-08
 10  0  39.79  -93.77  0.39E-08
 10  0  39.84  -93.77  0.21E-08
 10  0  39.89  -93.77  0.20E-08
 10  0  39.94  -93.77  0.13E-08
 10  0  39.99  -93.77  0.55E-09
 10  0  40.04  -93.77  0.43E-09
 10  0  40.09  -93.77  0.25E-09
 10  0  40.14  -93.77  0.30E-09
 10  0  40.24  -93.77  0.52E-10
 10  0  38.94  -93.72  0.29E-09
 10  0  39.04  -93.72  0.63E-09
 10  0  39.09  -93.72  0.21E-08
 10  0  39.14  -93.72  0.55E-08
 10  0  39.19  -93.72  0.92E-08
 10  0  39.24  -93.72  0.14E-07
 10  0  39.29  -93.72  0.17E-07
 10  0  39.34  -93.72  0.20E-07
 10  0  39.39  -93.72  0.16E-07
 10  0  39.44  -93.72  0.17E-07
 10  0  39.49  -93.72  0.11E-07
 10  0  39.54  -93.72  0.10E-07
 10  0  39.59  -93.72  0.78E-08
 10  0  39.64  -93.72  0.82E-08
 10  0  39.69  -93.72  0.58E-08
 10  0  39.74  -93.72  0.53E-08
 10  0  39.79  -93.72  0.36E-08
 10  0  39.84  -93.72  0.19E-08
 10  0  39.89  -93.72  0.25E-08
 10  0  39.94  -93.72  0.78E-09
 10  0  39.99  -93.72  0.46E-09
 10  0  40.04  -93.72  0.32E-09
 10  0  40.09  -93.72  0.36E-09
 10  0  40.14  -93.72  0.25E-09
 10  0  40.24  -93.72  0.37E-10
 10  0  38.94  -93.67  0.43E-09
 10  0  39.04  -93.67  0.29E-09
 10  0  39.09  -93.67  0.17E-08
 10  0  39.14  -93.67  0.46E-08
 10  0  39.19  -93.67  0.87E-08
 10  0  39.24  -93.67  0.12E-07
 10  0  39.29  -93.67  0.17E-07
 10  0  39.34  -93.67  0.16E-07
 10  0  39.39  -93.67  0.16E-07
 10  0  39.44  -93.67  0.14E-07
 10  0  39.49  -93.67  0.12E-07
 10  0  39.54  -93.67  0.92E-08
 10  0  39.59  -93.67  0.76E-08
 10  0  39.64  -93.67  0.75E-08
 10  0  39.69  -93.67  0.59E-08
 10  0  39.74  -93.67  0.59E-08
 10  0  39.79  -93.67  0.44E-08
 10  0  39.84  -93.67  0.22E-08
 10  0  39.89  -93.67  0.17E-08
 10  0  39.94  -93.67  0.60E-09
 10  0  39.99  -93.67  0.35E-09
 10  0  40.04  -93.67  0.41E-09
 10  0  40.09  -93.67  0.25E-09
 10  0  40.14  -93.67  0.40E-09
 10  0  40.24  -93.67  0.37E-10
 10  0  38.94  -93.62  0.29E-09
 10  0  39.04  -93.62  0.34E-09
 10  0  39.09  -93.62  0.16E-08
 10  0  39.14  -93.62  0.29E-08
 10  0  39.19  -93.62  0.75E-08
 10  0  39.24  -93.62  0.10E-07
 10  0  39.29  -93.62  0.14E-07
 10  0  39.34  -93.62  0.16E-07
 10  0  39.39  -93.62  0.14E-07
 10  0  39.44  -93.62  0.14E-07
 10  0  39.49  -93.62  0.12E-07
 10  0  39.54  -93.62  0.78E-08
 10  0  39.59  -93.62  0.71E-08
 10  0  39.64  -93.62  0.67E-08
 10  0  39.69  -93.62  0.49E-08
 10  0  39.74  -93.62  0.46E-08
 10  0  39.79  -93.62  0.39E-08
 10  0  39.84  -93.62  0.20E-08
 10  0  39.89  -93.62  0.17E-08
 10  0  39.94  -93.62  0.52E-09
 10  0  39.99  -93.62  0.27E-09
 10  0  40.04  -93.62  0.25E-09
 10  0  40.09  -93.62  0.23E-09
 10  0  40.14  -93.62  0.18E-09
 10  0  40.19  -93.62  0.20E-10
 10  0  38.94  -93.57  0.29E-09
 10  0  39.04  -93.57  0.34E-09
 10  0  39.09  -93.57  0.18E-08
 10  0  39.14  -93.57  0.25E-08
 10  0  39.19  -93.57  0.55E-08
 10  0  39.24  -93.57  0.97E-08
 10  0  39.29  -93.57  0.11E-07
 10  0  39.34  -93.57  0.16E-07
 10  0  39.39  -93.57  0.14E-07
 10  0  39.44  -93.57  0.13E-07
 10  0  39.49  -93.57  0.11E-07
 10  0  39.54  -93.57  0.82E-08
 10  0  39.59  -93.57  0.78E-08
 10  0  39.64  -93.57  0.63E-08
 10  0  39.69  -93.57  0.57E-08
 10  0  39.74  -93.57  0.44E-08
 10  0  39.79  -93.57  0.42E-08
 10  0  39.84  -93.57  0.20E-08
 10  0  39.89  -93.57  0.17E-08
 10  0  39.94  -93.57  0.66E-09
 10  0  39.99  -93.57  0.30E-09
 10  0  40.04  -93.57  0.20E-09
 10  0  40.09  -93.57  0.34E-09
 10  0  40.14  -93.57  0.69E-10
 10  0  40.19  -93.57  0.23E-09
 10  0  38.94  -93.52  0.29E-09
 10  0  39.04  -93.52  0.34E-09
 10  0  39.09  -93.52  0.15E-08
 10  0  39.14  -93.52  0.20E-08
 10  0  39.19  -93.52  0.46E-08
 10  0  39.24  -93.52  0.81E-08
 10  0  39.29  -93.52  0.11E-07
 10  0  39.34  -93.52  0.13E-07
 10  0  39.39  -93.52  0.15E-07
 10  0  39.44  -93.52  0.12E-07
 10  0  39.49  -93.52  0.94E-08
 10  0  39.54  -93.52  0.77E-08
 10  0  39.59  -93.52  0.79E-08
 10  0  39.64  -93.52  0.42E-08
 10  0  39.69  -93.52  0.50E-08
 10  0  39.74  -93.52  0.23E-08
 10  0  39.79  -93.52  0.32E-08
 10  0  39.84  -93.52  0.18E-08
 10  0  39.89  -93.52  0.14E-08
 10  0  39.94  -93.52  0.98E-09
 10  0  39.99  -93.52  0.20E-09
 10  0  40.04  -93.52  0.13E-09
 10  0  40.09  -93.52  0.14E-09
 10  0  40.14  -93.52  0.15E-09
 10  0  40.19  -93.52  0.90E-10
 10  0  40.24  -93.52  0.18E-10
 10  0  38.94  -93.47  0.29E-09
 10  0  38.99  -93.47  0.12E-09
 10  0  39.04  -93.47  0.23E-09
 10  0  39.09  -93.47  0.11E-08
 10  0  39.14  -93.47  0.17E-08
 10  0  39.19  -93.47  0.46E-08
 10  0  39.24  -93.47  0.72E-08
 10  0  39.29  -93.47  0.69E-08
 10  0  39.34  -93.47  0.12E-07
 10  0  39.39  -93.47  0.12E-07
 10  0  39.44  -93.47  0.10E-07
 10  0  39.49  -93.47  0.79E-08
 10  0  39.54  -93.47  0.70E-08
 10  0  39.59  -93.47  0.74E-08
 10  0  39.64  -93.47  0.38E-08
 10  0  39.69  -93.47  0.54E-08
 10  0  39.74  -93.47  0.21E-08
 10  0  39.79  -93.47  0.26E-08
 10  0  39.84  -93.47  0.22E-08
 10  0  39.89  -93.47  0.14E-08
 10  0  39.94  -93.47  0.82E-09
 10  0  39.99  -93.47  0.28E-09
 10  0  40.04  -93.47  0.15E-09
 10  0  40.09  -93.47  0.17E-09
 10  0  40.14  -93.47  0.13E-09
 10  0  40.19  -93.47  0.11E-10
 10  0  40.24  -93.47  0.13E-09
 10  0  38.94  -93.42  0.43E-09
 10  0  38.99  -93.42  0.24E-09
 10  0  39.09  -93.42  0.14E-08
 10  0  39.14  -93.42  0.17E-08
 10  0  39.19  -93.42  0.44E-08
 10  0  39.24  -93.42  0.65E-08
 10  0  39.29  -93.42  0.53E-08
 10  0  39.34  -93.42  0.97E-08
 10  0  39.39  -93.42  0.11E-07
 10  0  39.44  -93.42  0.78E-08
 10  0  39.49  -93.42  0.78E-08
 10  0  39.54  -93.42  0.67E-08
 10  0  39.59  -93.42  0.52E-08
 10  0  39.64  -93.42  0.42E-08
 10  0  39.69  -93.42  0.37E-08
 10  0  39.74  -93.42  0.20E-08
 10  0  39.79  -93.42  0.20E-08
 10  0  39.84  -93.42  0.23E-08
 10  0  39.89  -93.42  0.93E-09
 10  0  39.94  -93.42  0.60E-09
 10  0  39.99  -93.42  0.35E-09
 10  0  40.04  -93.42  0.28E-10
 10  0  40.09  -93.42  0.62E-10
 10  0  40.14  -93.42  0.96E-10
 10  0  40.19  -93.42  0.69E-10
 10  0  40.24  -93.42  0.49E-10
 10  0  40.29  -93.42  0.36E-10
 10  0  38.94  -93.37  0.29E-09
 10  0  39.09  -93.37  0.96E-09
 10  0  39.14  -93.37  0.16E-08
 10  0  39.19  -93.37  0.27E-08
 10  0  39.24  -93.37  0.58E-08
 10  0  39.29  -93.37  0.41E-08
 10  0  39.34  -93.37  0.70E-08
 10  0  39.39  -93.37  0.10E-07
 10  0  39.44  -93.37  0.79E-08
 10  0  39.49  -93.37  0.58E-08
 10  0  39.54  -93.37  0.51E-08
 10  0  39.59  -93.37  0.39E-08
 10  0  39.64  -93.37  0.42E-08
 10  0  39.69  -93.37  0.27E-08
 10  0  39.74  -93.37  0.17E-08
 10  0  39.79  -93.37  0.19E-08
 10  0  39.84  -93.37  0.19E-08
 10  0  39.89  -93.37  0.70E-09
 10  0  39.94  -93.37  0.53E-09
 10  0  39.99  -93.37  0.43E-09
 10  0  40.04  -93.37  0.71E-11
 10  0  40.09  -93.37  0.51E-10
 10  0  40.14  -93.37  0.77E-10
 10  0  40.19  -93.37  0.69E-10
 10  0  40.29  -93.37  0.18E-10
 10  0  38.94  -93.32  0.29E-09
 10  0  39.09  -93.32  0.72E-09
 10  0  39.14  -93.32  0.14E-08
 10  0  39.19  -93.32  0.25E-08
 10  0  39.24  -93.32  0.31E-08
 10  0  39.29  -93.32  0.32E-08
 10  0  39.34  -93.32  0.49E-08
 10  0  39.39  -93.32  0.74E-08
 10  0  39.44  -93.32  0.63E-08
 10  0  39.49  -93.32  0.55E-08
 10  0  39.54  -93.32  0.39E-08
 10  0  39.59  -93.32  0.36E-08
 10  0  39.64  -93.32  0.22E-08
 10  0  39.69  -93.32  0.24E-08
 10  0  39.74  -93.32  0.21E-08
 10  0  39.79  -93.32  0.12E-08
 10  0  39.84  -93.32  0.92E-09
 10  0  39.89  -93.32  0.16E-08
 10  0  39.94  -93.32  0.40E-09
 10  0  39.99  -93.32  0.25E-09
 10  0  40.04  -93.32  0.19E-10
 10  0  40.09  -93.32  0.31E-10
 10  0  40.14  -93.32  0.79E-10
 10  0  40.19  -93.32  0.55E-10
 10  0  39.09  -93.27  0.47E-09
 10  0  39.14  -93.27  0.12E-08
 10  0  39.19  -93.27  0.21E-08
 10  0  39.24  -93.27  0.19E-08
 10  0  39.29  -93.27  0.36E-08
 10  0  39.34  -93.27  0.38E-08
 10  0  39.39  -93.27  0.70E-08
 10  0  39.44  -93.27  0.46E-08
 10  0  39.49  -93.27  0.46E-08
 10  0  39.54  -93.27  0.43E-08
 10  0  39.59  -93.27  0.33E-08
 10  0  39.64  -93.27  0.20E-08
 10  0  39.69  -93.27  0.23E-08
 10  0  39.74  -93.27  0.17E-08
 10  0  39.79  -93.27  0.10E-08
 10  0  39.84  -93.27  0.77E-09
 10  0  39.89  -93.27  0.80E-09
 10  0  39.94  -93.27  0.26E-09
 10  0  39.99  -93.27  0.28E-09
 10  0  40.09  -93.27  0.31E-10
 10  0  40.14  -93.27  0.11E-10
 10  0  40.19  -93.27  0.83E-10
 10  0  39.04  -93.22  0.17E-09
 10  0  39.09  -93.22  0.30E-09
 10  0  39.14  -93.22  0.11E-08
 10  0  39.19  -93.22  0.14E-08
 10  0  39.24  -93.22  0.17E-08
 10  0  39.29  -93.22  0.18E-08
 10  0  39.34  -93.22  0.29E-08
 10  0  39.39  -93.22  0.41E-08
 10  0  39.44  -93.22  0.30E-08
 10  0  39.49  -93.22  0.28E-08
 10  0  39.54  -93.22  0.28E-08
 10  0  39.59  -93.22  0.36E-08
 10  0  39.64  -93.22  0.13E-08
 10  0  39.69  -93.22  0.90E-09
 10  0  39.74  -93.22  0.13E-08
 10  0  39.79  -93.22  0.74E-09
 10  0  39.84  -93.22  0.60E-09
 10  0  39.89  -93.22  0.30E-09
 10  0  39.94  -93.22  0.42E-09
 10  0  39.99  -93.22  0.29E-09
 10  0  40.14  -93.22  0.11E-10
 10  0  40.19  -93.22  0.69E-10
 10  0  39.04  -93.17  0.83E-10
 10  0  39.09  -93.17  0.15E-09
 10  0  39.14  -93.17  0.95E-09
 10  0  39.19  -93.17  0.92E-09
 10  0  39.24  -93.17  0.14E-08
 10  0  39.29  -93.17  0.14E-08
 10  0  39.34  -93.17  0.11E-08
 10  0  39.39  -93.17  0.25E-08
 10  0  39.44  -93.17  0.27E-08
 10  0  39.49  -93.17  0.14E-08
 10  0  39.54  -93.17  0.14E-08
 10  0  39.59  -93.17  0.25E-08
 10  0  39.64  -93.17  0.13E-08
 10  0  39.69  -93.17  0.32E-09
 10  0  39.74  -93.17  0.73E-09
 10  0  39.79  -93.17  0.99E-09
 10  0  39.84  -93.17  0.28E-09
 10  0  39.89  -93.17  0.17E-09
 10  0  39.94  -93.17  0.32E-09
 10  0  39.99  -93.17  0.12E-09
 10  0  40.04  -93.17  0.35E-10
 10  0  40.19  -93.17  0.26E-10
 10  0  40.24  -93.17  0.26E-10
 10  0  39.14  -93.12  0.19E-09
 10  0  39.19  -93.12  0.25E-09
 10  0  39.24  -93.12  0.92E-09
 10  0  39.29  -93.12  0.11E-08
 10  0  39.34  -93.12  0.32E-09
 10  0  39.39  -93.12  0.18E-08
 10  0  39.44  -93.12  0.14E-08
 10  0  39.49  -93.12  0.40E-09
 10  0  39.54  -93.12  0.78E-09
 10  0  39.59  -93.12  0.14E-08
 10  0  39.64  -93.12  0.94E-09
 10  0  39.69  -93.12  0.19E-09
 10  0  39.74  -93.12  0.45E-09
 10  0  39.79  -93.12  0.32E-09
 10  0  39.84  -93.12  0.11E-09
 10  0  39.89  -93.12  0.12E-09
 10  0  39.94  -93.12  0.14E-09
 10  0  39.99  -93.12  0.18E-09
 10  0  40.04  -93.12  0.35E-10
 10  0  40.24  -93.12  0.52E-10
 10  0  39.19  -93.07  0.19E-09
 10  0  39.24  -93.07  0.74E-09
 10  0  39.34  -93.07  0.43E-09
 10  0  39.39  -93.07  0.90E-09
 10  0  39.44  -93.07  0.69E-09
 10  0  39.49  -93.07  0.39E-09
 10  0  39.54  -93.07  0.65E-09
 10  0  39.59  -93.07  0.65E-09
 10  0  39.64  -93.07  0.56E-09
 10  0  39.69  -93.07  0.15E-09
 10  0  39.74  -93.07  0.49E-09
 10  0  39.79  -93.07  0.19E-09
 10  0  39.84  -93.07  0.13E-09
 10  0  39.89  -93.07  0.77E-10
 10  0  40.04  -93.07  0.12E-09
 10  0  40.24  -93.07  0.26E-10
 10  0  39.24  -93.02  0.57E-09
 10  0  39.39  -93.02  0.55E-09
 10  0  39.44  -93.02  0.77E-09
 10  0  39.49  -93.02  0.15E-09
 10  0  39.54  -93.02  0.30E-09
 10  0  39.59  -93.02  0.25E-09
 10  0  39.64  -93.02  0.31E-09
 10  0  39.69  -93.02  0.43E-10
 10  0  39.74  -93.02  0.20E-09
 10  0  39.79  -93.02  0.21E-09
 10  0  39.84  -93.02  0.12E-09
 10  0  39.89  -93.02  0.12E-10
 10  0  40.04  -93.02  0.12E-09
 10  0  39.24  -92.97  0.24E-09
 10  0  39.44  -92.97  0.89E-09
 10  0  39.54  -92.97  0.33E-09
 10  0  39.59  -92.97  0.60E-10
 10  0  39.64  -92.97  0.29E-09
 10  0  39.69  -92.97  0.22E-10
 10  0  39.74  -92.97  0.13E-09
 10  0  39.79  -92.97  0.80E-10
 10  0  39.84  -92.97  0.15E-09
 10  0  39.24  -92.92  0.48E-09
 10  0  39.54  -92.92  0.17E-09
 10  0  39.59  -92.92  0.20E-10
 10  0  39.64  -92.92  0.38E-10
 10  0  39.69  -92.92  0.87E-10
 10  0  39.74  -92.92  0.22E-09
 10  0  39.84  -92.92  0.13E-09
 10  0  39.24  -92.87  0.24E-09
 10  0  39.54  -92.87  0.17E-09
 10  0  39.64  -92.87  0.76E-10
 10  0  39.69  -92.87  0.22E-10
 10  0  39.74  -92.87  0.87E-10
 10  0  39.64  -92.82  0.38E-10
 10  0  39.74  -92.82  0.87E-10
 10  0  39.79  -92.77  0.17E-09
 10  0  39.79  -92.72  0.87E-10
 10  0  39.79  -92.67  0.87E-10
 10  0  39.79  -92.62  0.87E-10
