"","Metric1.Metric1","Metric2.Metric2","Metric3.Metric3"
"1",NA,NA,NA
"2",7.76427440952797e-05,4.25837964293996e-07,5.86755505427305e-06
"3",8.59093192685296e-05,-6.96566936724706e-07,4.48062333342598e-06
"4",9.35861388349448e-05,1.78879017005658e-06,1.74303152786625e-05
"5",0.000106085229527537,-2.66223195980938e-06,2.93640652480052e-06
"6",8.9521111994969e-05,-4.10616418375159e-07,-4.18357930538588e-06
"7",6.01626669850897e-05,1.00369700611152e-06,-1.1551111098376e-05
"8",9.1825280809105e-05,-5.6072262304896e-07,1.61786596496784e-05
"9",2.85851456381035e-05,1.7993806645724e-06,1.36995693610983e-06
"10",9.59618056609355e-05,-2.1135467242257e-06,3.09943871972482e-06
"11",9.67622792695759e-05,3.63082799124161e-07,1.58298126727133e-05
"12",6.23273761106059e-05,-9.41442166398507e-07,-1.62731009170307e-05
"13",6.28940758774031e-05,-5.48407082550727e-08,-2.53918552902637e-06
"14",8.56558948798344e-05,-2.69472910554737e-06,6.40405224289232e-06
"15",9.56182305022038e-05,6.0765001164132e-07,2.49296025250159e-07
"16",9.84648564311567e-05,9.68451294429854e-07,2.90850323638506e-06
"17",9.27288384217162e-05,6.12948548003891e-07,2.07610805634687e-05
"18",7.40596079301805e-05,-3.25894462734614e-07,4.06244036725713e-06
"19",9.91758600134907e-05,1.62749546296804e-06,1.03860737908315e-05
"20",6.83715070934085e-05,2.42338982096061e-08,4.50410520230611e-06
"21",7.88283396140208e-05,1.18102107351711e-06,-4.14684475138729e-06
"22",7.24964519993491e-05,1.04132917360739e-06,6.46166749722303e-10
"23",6.67306616488574e-05,2.36417295008935e-07,3.27886573626224e-06
"24",0.000107008574321724,-6.92710853566808e-07,9.55461594200129e-07
"25",8.4629476380162e-05,-1.59440791975361e-06,-3.51576120460024e-06
"26",9.34595766902597e-05,-1.76111331574651e-06,7.57266911242444e-06
"27",0.0001175377683043,3.80085411884133e-07,6.0263033461003e-06
"28",9.4106871462496e-05,1.8592516989867e-06,-5.09772976393745e-07
"29",8.13345841785062e-05,-2.33860185339842e-07,2.25109536299237e-06
"30",0.000150942907464412,8.75833140649815e-08,1.3103753188884e-05
"31",7.20741712473793e-05,5.29345154464542e-07,5.59317157123752e-06
"32",6.35352162879606e-05,2.48738178300923e-07,-4.06516530893871e-06
"33",0.00010139708111817,1.21562327340653e-06,-6.87879327086841e-07
"34",0.000178995870728439,3.24080550351414e-06,-1.98834169646403e-06
"35",8.2598880830837e-05,5.80203735765963e-07,8.36980677311558e-06
"36",0.000121752624836662,1.20812372408672e-06,-3.43869507865311e-06
"37",9.27116495487591e-05,2.50755019519565e-06,-2.09767821739767e-06
"38",0.000158152158347363,2.88275269685117e-07,2.02121087330647e-06
"39",0.000137951252531882,1.40741885082989e-05,2.1292220770104e-06
"40",0.000154074595248741,4.95820653945362e-06,7.83929402018007e-06
"41",0.000203913177856973,-3.53252432407481e-07,-2.30361315302661e-05
"42",8.21641327019933e-05,4.14340864306306e-06,6.72308760899291e-06
"43",8.8653678801908e-05,1.544216232636e-06,2.295710236471e-06
"44",0.000103973944751827,1.58886333521283e-07,6.18147958641542e-06
"45",9.68122643085789e-05,1.46678653550866e-06,1.60245219859832e-05
"46",7.66560464655138e-05,2.24766395340295e-07,1.30706768810356e-05
"47",0.000135124446302216,-1.20183471764527e-06,2.44637546670505e-05
"48",0.000168236362190458,1.15682271997201e-06,-3.80607395785589e-07
"49",0.000102021683427077,2.19409829500874e-07,5.10927642059443e-06
"50",4.53021162553089e-05,1.37069942671935e-06,4.28508259358004e-06
"51",0.000164886407910777,5.2034661239654e-07,1.98735881932316e-05
"52",5.91237628319647e-05,1.76526931903192e-06,8.7430519362889e-07
"53",0.000105851191193198,-9.07786523681107e-07,1.3099851843163e-06
"54",6.7091364668341e-05,1.38551450414956e-06,1.59897343665826e-06
"55",8.43129790358496e-05,2.6249139354749e-07,2.00022852044529e-05
"56",6.10226952542154e-05,-1.17373175109673e-06,-1.63983951777512e-06
"57",0.000116498940048483,2.0655638856388e-06,5.11405935661173e-06
"58",6.01750681795485e-05,3.79526184570958e-06,1.13621210533573e-06
"59",9.34846566001132e-05,-5.48496372742799e-07,-4.15270880300982e-07
"60",7.43747163360735e-05,-2.19317522275495e-06,6.85866480418123e-06
"61",3.53194917324879e-05,-1.54365389376152e-06,1.23956834890526e-06
"62",9.52205487496029e-05,-2.78458873015168e-06,5.26735152213704e-07
"63",6.04975693597622e-05,8.86858930016181e-07,-5.68850081934661e-06
"64",8.34614860402438e-05,2.60289648818877e-06,1.79691927704723e-05
"65",0.000113308876151624,-3.34943640205011e-06,3.12082835467553e-06
"66",0.000121497379043043,-7.23768137192464e-07,3.61449943838853e-07
"67",7.19293120214104e-05,9.36250323320561e-07,1.06411509632098e-05
"68",7.72899558244858e-05,-9.81125442349507e-07,2.54139520116797e-06
"69",3.95126673865918e-05,-5.79427069678327e-07,-2.74367573190319e-06
"70",2.62501923838832e-05,-4.64091663245275e-07,1.3625598428351e-05
"71",7.53245419480226e-05,-1.46661970494163e-06,1.34945622378681e-05
"72",4.94083912680472e-05,1.28246236473555e-06,3.22199188348356e-06
"73",5.40235839610566e-05,1.52370850527518e-07,-3.42831374768657e-06
"74",0.000103617142766717,-1.28440636281022e-06,-3.73406283433609e-06
"75",7.10545568826437e-05,2.48575410645291e-06,-1.60452916128723e-06
"76",9.82209349349785e-05,-1.92759048817603e-06,2.33674948376856e-06
"77",5.74920606361182e-05,2.73803744000045e-07,1.00058552255684e-06
"78",8.83749821875069e-05,1.52104357043162e-06,-1.76582376779829e-06
"79",5.74844263106944e-05,-3.38022823826639e-08,5.24794169075604e-06
"80",7.87353699618726e-05,-2.12575619807318e-06,-5.89853564753415e-06
"81",0.000158220393044064,-1.10956335621824e-06,4.62661266525274e-06
"82",0.00014740059510446,-1.90084065408593e-06,6.4051403606113e-06
"83",6.80724646798428e-05,-1.83600251683609e-06,2.33423573647633e-05
"84",0.000120851115858839,5.66466218680511e-07,1.37758846911928e-05
"85",9.13981595769139e-05,-1.77587118684482e-06,-5.86003447949096e-07
"86",0.00016178966647276,2.03802772877621e-07,-2.12239099477843e-06
"87",0.000109962677060034,-1.6983584111936e-07,-1.65156722760979e-06
"88",7.2812251267662e-05,-1.75625619300548e-07,-1.98660849729094e-06
"89",9.85185866544745e-05,-4.89999534285658e-07,2.45053422250457e-06
"90",9.01269047037603e-05,-4.10174244141972e-06,5.10246547300171e-06
"91",8.59665636061587e-05,9.60862146076023e-07,3.26200707887706e-06
"92",8.44726879796554e-05,1.31569862590335e-06,3.75540283993051e-06
"93",6.69631943536372e-05,-8.35599955761595e-07,-6.10273960470935e-07
"94",8.27177289535221e-05,5.85998074471888e-08,-2.13361405558251e-06
"95",8.0580300751632e-05,7.06853517635914e-07,1.29876895187421e-06
"96",2.53860363064049e-05,-6.09851498345179e-07,8.18622886684999e-06
"97",0.000110216542351096,-3.04639507140248e-07,1.2012762239191e-05
"98",0.000110371573928194,-6.94002410072863e-07,3.42152271751906e-06
"99",0.000118220408162504,1.49231437102923e-07,-5.78075921438172e-06
"100",0.000137281556972185,-4.36640999383537e-06,-7.07821759092933e-06
"101",0.000108914976907957,3.06144394453933e-06,1.89804898998173e-05
"102",8.43782148690438e-05,-1.18887264267194e-06,-2.92497278405337e-06
"103",7.68833150992019e-05,8.00643648616582e-07,8.41294035493766e-06
"104",7.94713486794085e-05,-8.09885389287132e-06,-3.57608862859355e-06
"105",7.67409212841e-05,5.82350943011436e-06,1.18642266361295e-06
"106",6.94082892367376e-05,-1.28770950244322e-06,-1.14278933520886e-05
"107",6.84835906581617e-05,1.3562942135055e-06,-8.81141281911667e-06
"108",0.000106590350287613,2.37809933715236e-07,1.67832753056453e-05
"109",0.000103730680752363,-1.15068272453046e-06,1.07511062624285e-06
"110",8.23257646948261e-05,3.21215697693774e-06,2.3224392563453e-06
"111",8.71463931270052e-05,4.04343070461404e-07,6.72859147130122e-06
"112",7.26550912065021e-05,3.41748747260166e-07,1.08784620264811e-05
"113",0.000123397836867456,-2.59501200020166e-06,2.09001776941964e-05
"114",9.38112168077053e-05,1.94494578807773e-08,5.5738709700405e-06
"115",0.00010482114559641,8.47138389123054e-07,-1.08124102090871e-05
"116",7.89137945357568e-05,-8.85004390144537e-07,2.81833006229948e-06
"117",9.90900263798444e-05,-1.55497206511217e-06,7.80938731878514e-06
"118",8.77780376187233e-05,1.37702671651644e-07,6.71258084452391e-06
"119",5.78642404094902e-05,1.41017369071494e-06,2.53675165777972e-07
"120",6.69290197724547e-05,7.51025403307627e-07,3.16045837763858e-05
"121",6.69624468194375e-05,1.58070812545664e-06,8.88377580269218e-06
"122",8.93233170604352e-05,2.9592159728796e-07,5.62972815635165e-06
"123",8.81135119299396e-05,-1.40372610270648e-06,-1.14013289681939e-07
"124",0.000130287897969407,-1.12445654761753e-07,2.5955475441441e-05
"125",0.00010052362851354,-1.38353130252243e-06,1.82104842331043e-05
"126",7.22775994342638e-05,-7.62754451949253e-07,1.92524230717519e-06
"127",0.000109786712853776,1.40166937291236e-06,-1.74116584403306e-06
"128",8.0639033284238e-05,7.23499354884053e-06,-1.66190234454412e-07
"129",8.14627970013014e-05,3.10673700256115e-07,4.47885000052471e-06
"130",0.000104709447109385,-2.35675834247936e-07,5.14209911155892e-06
"131",0.000148451684948777,-5.30131442584058e-11,8.22378010917727e-06
"132",9.64624611756075e-05,2.69762474684323e-06,-3.75852744233725e-06
"133",0.000115686778189207,-1.99290079425429e-06,-1.11328770699236e-05
"134",2.40539598411094e-05,6.5333659096053e-07,-6.92964941657402e-06
"135",0.000140312910368091,-3.37906878784129e-06,-2.00088480290661e-06
"136",9.43992253970775e-05,-3.82552966434244e-06,3.13247698578859e-06
"137",0.000118017720683767,-3.36058485690489e-06,-3.54283819579694e-06
"138",8.31318715356264e-05,-5.88301571625834e-06,1.03085338485236e-05
"139",6.53887187238058e-05,-3.97137577547054e-06,-3.21274889929122e-06
"140",7.52207692053377e-05,2.55539930341189e-06,-9.4143627269695e-07
"141",7.49322314710531e-05,1.59234313055909e-06,5.10956812946719e-07
"142",6.1546935461007e-05,-1.46426690703706e-06,1.0797916016717e-05
"143",0.0001280364584511,-1.15883104824492e-06,7.75750835675684e-06
"144",0.000103272405991046,6.62027334175468e-06,-2.01159493228756e-06
"145",7.88063436601543e-05,-3.93177368061071e-06,-8.36317840900968e-07
"146",8.17754449597562e-05,5.78845275065517e-07,1.12230353772336e-05
"147",7.3402028078939e-05,-2.2470352851086e-06,-1.92396849176772e-07
"148",8.47915611096499e-05,3.40608922665581e-06,-1.0578252252269e-05
"149",6.96241047057489e-05,-1.04520236308768e-06,-9.13183640111579e-06
"150",0.000104586652432695,8.19321114309822e-07,-1.0860699308559e-05
"151",0.000117832635909119,1.60062640838287e-06,9.65282133747617e-06
"152",0.00010015457903662,3.32957909044263e-06,1.79766906814445e-06
"153",7.65890854417204e-05,4.23886790303368e-07,5.87848759546339e-06
"154",0.000129473621838469,1.8557507631254e-06,1.82231023936937e-05
"155",0.000104644021110467,7.70067310852133e-08,2.07081074477134e-06
"156",7.40866881688771e-05,2.7004083548086e-07,8.52590371089411e-06
"157",0.000115070159790329,6.74486254782798e-07,1.1496840687032e-05
"158",0.000120108131253633,3.29098588757544e-06,-2.37925253346966e-06
"159",7.87304414640248e-05,-1.68274586693734e-06,2.99581008745507e-06
"160",0.000104641213203621,-6.65762125069487e-07,1.16223589482497e-05
"161",9.15186381136932e-05,-2.2333056798364e-06,1.85736657148813e-06
"162",7.13559614162564e-05,7.31354873014612e-07,-8.51199099756194e-06
"163",4.33958315757227e-05,-1.85057540333148e-06,-5.88372414222959e-06
"164",0.000110999674367657,-7.78855940230702e-07,1.23913885559681e-05
"165",0.00013886360447149,3.56814175319647e-07,1.23009981076477e-05
"166",7.33600851212814e-05,7.50299070987536e-08,-8.29123454512433e-07
"167",6.91672247588667e-05,-5.25861986629408e-06,-1.67220087984047e-05
"168",0.000155271529356337,1.50999194230464e-07,5.7784934519366e-06
"169",8.84117709327351e-05,-6.58299759559641e-07,2.68820414435952e-06
"170",0.00012222124876598,2.56295038021959e-07,-9.33228256573834e-06
"171",7.41311922366661e-05,2.64377272125298e-06,4.54634725917507e-06
"172",7.21128044080815e-05,9.08995799857052e-07,-1.34403177258378e-06
"173",6.32201007931663e-05,-1.78122705144139e-06,3.75449989517154e-06
"174",8.11027518237174e-05,1.32518876558529e-06,-1.63856661728379e-05
"175",0.000197681579170307,-7.57195916752699e-07,-2.79362700726647e-06
"176",8.05152181334002e-05,5.3055496064962e-07,7.57133118824452e-06
"177",9.02095493539946e-05,1.51840708950694e-06,2.62827248103955e-06
"178",0.000104567852764136,1.01117727166058e-06,8.74293411933569e-06
"179",0.000111309281904648,-6.81937940705692e-07,4.79739549407461e-06
"180",8.22495790620434e-05,-4.52896293869123e-06,7.4777836308342e-06
"181",4.25179130326001e-05,1.11172410356625e-06,1.75156816787274e-05
"182",8.44793185142749e-05,-7.10244284152546e-06,4.13776800863644e-06
"183",7.03777144274142e-05,5.9916313440081e-07,1.65139143173443e-05
"184",7.35596218098793e-05,-1.38384569170904e-08,1.19312562349508e-05
"185",9.36241067730305e-05,-1.00396091192821e-06,9.66687966664351e-06
"186",7.41420406919076e-05,-2.64519401739001e-06,5.15123300356378e-07
"187",9.59062741578979e-05,-2.20677451936051e-06,6.59672401673681e-06
"188",8.93239843283434e-05,-3.83776667012588e-07,6.47195721683411e-06
"189",9.80755129045426e-05,-6.92251139335634e-07,-2.25807815422312e-05
"190",9.7993339636277e-05,5.70078728313612e-06,6.76044942799368e-06
"191",0.000155479366516411,2.5709774745374e-07,1.50741296760384e-05
"192",2.84031970090335e-05,-5.05833744669234e-06,-1.6768746715488e-07
"193",0.000136920531466606,-1.90033696602208e-06,4.75269926535896e-06
"194",0.000133798504026723,-2.95489454244475e-06,1.10222720210934e-05
"195",0.000102413740559681,-3.07661332195045e-07,-1.47065266853665e-05
"196",6.8130269408553e-05,1.49427142703403e-06,-1.73196249869957e-06
"197",0.000148948159996029,1.40601837915939e-06,2.702292932744e-06
"198",0.000104911478477585,8.20121389660102e-07,2.32071530243408e-06
"199",6.85351008783533e-05,-2.21287766829535e-06,3.89146893225857e-06
"200",5.76325540708585e-05,1.72200444249325e-07,4.20899012219862e-06
"201",0.000109214291819409,2.35487413962734e-06,8.51116935294234e-06
"202",0.000160096604483601,4.43907192205369e-07,1.44107337074333e-05
"203",0.000121359188053398,-3.6098312115629e-07,5.19563529329142e-07
"204",8.25625143112691e-05,-6.8586590148507e-07,1.10542248863465e-05
"205",4.9205005644973e-05,1.3547971142392e-06,-5.79588992850024e-06
"206",9.26495090193774e-05,4.66566052956242e-07,1.4889779886604e-05
"207",8.87950000701437e-05,6.5504854406521e-07,-1.29012547895072e-05
"208",8.90594946862095e-05,-1.06944451876191e-07,8.03068489711268e-06
"209",6.66050294296577e-05,5.37236129390683e-08,6.33445005739756e-06
"210",0.000126739015255916,-3.11047768471054e-07,4.32299384725421e-06
"211",9.0568357301362e-05,4.12933336175747e-07,8.34993446333683e-06
"212",9.40220647826993e-05,-4.36908307489988e-06,2.38338436235904e-05
"213",9.54408471271839e-05,-3.21770803166693e-06,-2.66325628831997e-06
"214",0.000133433245208125,7.54788452191868e-06,7.76536981759053e-06
"215",0.00010198916337521,2.40601282504765e-06,9.90828720719505e-06
"216",6.05755652998928e-05,-1.37824786571236e-06,-5.01672055065319e-06
"217",7.79975904975381e-05,1.32088319970219e-06,6.21607195263574e-06
"218",8.5567999233426e-05,-1.02890004890982e-06,1.90605580207314e-05
"219",8.33217502972409e-05,-2.35843238284844e-07,3.13264343894253e-06
"220",9.13863305884689e-05,2.16931514949968e-06,1.25946892308092e-05
"221",0.000113604098169473,-9.73161428903272e-06,-1.03677886526338e-05
"222",0.00011905922858422,-6.65967756382028e-06,1.53264476339759e-05
"223",7.04815515335928e-05,-1.28582453882425e-06,1.29388379898864e-05
"224",6.00610230567027e-05,4.33068815291455e-07,5.0461069540028e-07
"225",9.74137065637905e-05,2.37936103099856e-06,5.98195923180591e-06
"226",9.25247509850103e-05,-2.29668572119203e-06,-3.0932722086835e-07
"227",8.23067014486479e-05,2.44256747339581e-06,-6.52703621768257e-06
"228",0.000141134204579821,-2.47151779532639e-07,4.67373224877381e-06
"229",7.72975882332334e-05,-1.57170661342519e-06,-1.2948506799724e-06
"230",7.24637897400135e-05,1.15142719341362e-06,1.10508420826715e-06
"231",2.53378037358045e-05,4.74306762954653e-07,4.24278295818773e-06
"232",8.66528646859117e-05,3.48574691393345e-06,5.44256349050986e-06
"233",0.000101687273186269,-2.6867141419155e-06,2.42220836304201e-06
"234",0.000113593638235388,-2.36927161348475e-06,1.462296277013e-06
"235",7.86933033163914e-05,-3.33879777381331e-06,-7.10674567749266e-06
"236",9.29886517525016e-05,2.07827833465693e-06,-2.78887364687897e-06
"237",0.000100821728970219,-6.41598886396123e-07,-8.84474073101686e-06
"238",8.45012298705299e-05,4.83868983878652e-07,-3.73839446688374e-06
"239",9.70805692010701e-05,-3.37141811195033e-06,2.23853026524777e-06
"240",0.000165277312224981,4.21246913825672e-06,7.40043798841824e-06
"241",0.000153267815968075,-5.51392367552811e-06,1.98793202859566e-05
"242",0.000112015886745493,1.05554213458942e-06,7.88372974206838e-06
"243",0.000134235526481834,-2.33220062053231e-06,2.40490160440529e-05
"244",8.76809453268404e-05,8.95924111617637e-07,5.17330955551143e-06
"245",7.36030570484378e-05,-3.64582678181584e-06,4.08771886706739e-06
"246",5.09950134392571e-05,1.54623280893821e-06,1.83314640769834e-05
"247",0.000189994066840871,3.03374724330924e-07,1.32730998852148e-05
"248",3.55886958588588e-05,1.12275293518504e-06,-8.25240917274664e-06
"249",7.84237398366451e-05,3.75606177190166e-06,-4.74688723723906e-06
"250",9.13500853023745e-05,-4.84443921477923e-06,1.24021594831044e-06
"251",8.95287097329654e-05,1.9642330079614e-06,-6.35677461284943e-06
"252",9.95045003302593e-05,4.9867687234653e-06,7.08453830706003e-07
"253",9.36224219963072e-05,-2.16432134846944e-06,7.61590488020767e-06
"254",6.58838713615788e-05,-3.01514058737974e-06,2.35504026004037e-05
"255",5.78003739432253e-05,7.86811603994599e-07,3.02185326759053e-06
"256",5.90186846727089e-05,-3.58582163476811e-07,1.40679596099408e-05
"257",9.23193516126211e-05,-2.77423569157005e-06,5.9864458284238e-06
"258",7.15044065494768e-05,7.78451729173285e-07,1.01599233124603e-05
"259",3.41603490918738e-05,7.45980434263818e-06,1.46336716120355e-06
"260",9.92396816417595e-05,1.79263276643901e-06,1.36625858483859e-05
"261",0.000112329323791058,6.31679908170862e-06,1.41686395604352e-05
"262",0.000107126311056028,6.20669029592201e-07,9.03792928512151e-06
"263",0.000155047091514241,-1.56686024253097e-06,4.91583454347998e-06
"264",8.77648205033553e-05,1.16623950231298e-06,1.1415297725818e-05
"265",0.000129354258481675,4.06914261366543e-07,8.46091172616542e-06
"266",7.51563950013898e-05,-4.16050670507067e-07,8.31954275710769e-07
"267",0.000157229630933261,-4.15268894805233e-07,1.90378403766676e-05
"268",0.000147598033893047,8.23545403583624e-07,8.12918597773246e-06
"269",9.32561979980742e-05,1.28838472755519e-06,2.03905599114659e-05
"270",8.4879331083962e-05,-4.69880511545822e-07,-3.86744543660856e-06
"271",0.000100752594905098,1.95041806061865e-07,1.10175797372887e-05
"272",5.12008033060673e-05,2.84652749810296e-06,3.04154557830794e-06
"273",9.42546552136277e-05,6.8370326037365e-06,4.76544825724666e-06
"274",9.33330447560951e-05,1.19680302255391e-08,1.70166020093412e-05
"275",0.000138932977774579,2.01288715326199e-06,2.78213478460531e-06
"276",0.000104792492085418,9.18953305746931e-07,-1.22860831298444e-05
"277",6.01515803355901e-05,2.19317328230027e-06,1.65241754001568e-05
"278",0.000110807792408374,-5.18834216377462e-07,-2.25416273377045e-06
"279",9.55279183321553e-05,3.28494319637468e-07,1.99531290658751e-06
"280",0.000135749224720926,1.91196799197897e-08,-2.74324654681544e-06
"281",0.000164205851518474,-1.40833634637806e-06,9.48410692540218e-06
"282",0.00013117138297014,-3.48125505948907e-07,-5.9284864636277e-08
"283",6.26804792027478e-05,-4.17633086158871e-06,1.21463171438215e-06
"284",0.000108838559375794,3.49705921142392e-06,5.85724222829971e-06
"285",0.000210962721454872,-5.44273276727287e-07,4.07139749267392e-06
"286",8.0561764244838e-05,3.98034484356565e-07,1.21301995660935e-05
"287",9.79220566222193e-05,1.5034497949591e-06,-5.16742512503772e-06
"288",7.16639430900482e-05,-5.45699388608839e-07,6.31195853411444e-06
"289",6.45811235903748e-05,-1.08751296511366e-06,3.33555465716303e-06
"290",0.000174237292177772,2.47385687077033e-06,-3.26350009499378e-06
"291",9.02100132342956e-05,-2.47658900424873e-06,-2.5330135273273e-06
"292",8.35323152376509e-05,2.89390008539747e-06,-2.32714948711341e-06
"293",6.52464918371188e-05,1.41001684082172e-06,-2.37669832976493e-06
"294",6.9492450120791e-05,3.7879995912633e-07,-4.55319427165081e-06
"295",0.00013132583156476,6.52323368424396e-07,8.97459790675826e-06
"296",8.30373761976354e-05,-1.20526604530655e-07,-6.09017063382108e-06
"297",8.13167143090454e-05,2.86222561118828e-06,1.37775661247816e-05
"298",0.000105649306882147,4.44801885945243e-06,-9.68377362621109e-07
"299",0.000112422653180789,3.10511808151108e-06,6.39217106893297e-08
"300",0.000107008143652611,5.15189424295782e-07,-1.18611032476572e-05
"301",0.000107254738392545,-1.37592531676858e-07,-1.57104737909645e-05
"302",3.44120226336449e-05,3.53561527589691e-06,-1.26393729880023e-06
"303",0.000129052866994441,-2.95881962601228e-06,1.4634782375212e-06
"304",0.000115592195670344,8.38298040760215e-07,9.33479506514057e-07
"305",9.22963306659387e-05,-2.84090970663291e-06,8.86139315823936e-06
"306",0.000163187306263699,-1.75682554104689e-07,-7.3593237027577e-06
"307",6.49254833257028e-05,-3.8754972093747e-06,3.57747415400651e-06
"308",9.87408275795942e-05,-1.88773912594405e-06,5.96729144921379e-06
"309",5.83529774158156e-05,5.7588790972145e-07,4.00121913832791e-06
"310",0.000109493339492251,8.21868057588351e-08,-2.10443759091023e-05
"311",9.56668857482926e-05,-8.0646837886158e-07,9.30927197795823e-06
"312",0.000118378209657024,-2.19993378117753e-06,8.32904388622807e-06
"313",9.93489366566074e-05,3.44115360347839e-07,3.8773640642124e-06
"314",1.96621307315756e-05,1.34018671940518e-06,-7.2556837696837e-06
"315",9.52769780065716e-05,9.16846148360071e-07,-4.26073808728614e-05
"316",6.77297970355583e-05,2.59952003353399e-06,-2.51700339110546e-05
"317",6.61280881348142e-05,1.41687096113346e-06,6.56649448433291e-06
"318",0.000103641365244103,-8.01078195843619e-07,-2.4523957955974e-06
"319",0.000162060402884073,6.39990691100102e-07,-4.2277162784913e-06
"320",8.20988726774738e-05,-7.92741620553824e-07,-4.4813565942662e-06
"321",8.89353742120592e-05,1.55490483467678e-06,1.49688677340772e-06
"322",0.000145229627277764,2.4681905610705e-08,-2.45146974080944e-05
"323",8.92494244944985e-05,-2.26873328414867e-06,6.18691369211376e-06
"324",6.47497695365291e-05,-9.62956986400095e-07,3.92657248580703e-07
"325",7.38769105541217e-05,2.50846892545153e-06,-2.06471375563759e-07
"326",8.55415814092876e-05,2.75540128702749e-07,-1.7919999513744e-06
"327",9.56182100356973e-05,3.48177554191153e-06,2.57859850439664e-06
"328",8.19726690643974e-05,1.56729472421549e-06,1.7749892122913e-05
"329",7.53750203684502e-05,1.56201236559542e-06,-4.44780960532362e-06
"330",4.35352477872854e-06,2.85171936564287e-06,1.46381999146643e-05
"331",9.25193665814604e-05,2.94939781462238e-06,-4.44083734170505e-06
"332",5.49432875598853e-05,-6.52044784616323e-07,5.83453940940677e-06
"333",0.000144332677388024,1.78051166957592e-07,5.89118540749484e-06
"334",0.000153942150936507,-8.70641517729507e-08,1.15340333805651e-06
"335",0.000102075436137925,1.62074436302811e-06,-3.72580944962651e-06
"336",9.2970441997697e-05,-3.58430512779046e-07,-4.42052844686269e-06
"337",0.000100905617184959,-6.11547477830765e-07,-5.11994900963236e-06
"338",0.000111714950623468,6.50246167231377e-07,-3.69110818138401e-06
"339",7.75226518297388e-05,-7.94587769565498e-07,1.24358751001428e-06
"340",2.23998832052738e-05,-6.08136667250139e-07,-4.32075779580091e-08
"341",9.16311061739795e-05,-1.03541735350421e-07,1.62151256764225e-06
"342",7.41727682812321e-05,-2.6805713294657e-06,9.02024311315686e-06
"343",0.000132551934990955,-1.06339829199254e-06,7.88172321066233e-06
"344",0.000126281372347026,1.80693119789748e-07,3.49108474307639e-06
"345",0.000109110769294036,2.26432237691193e-06,1.60233853691669e-05
"346",6.10980822724984e-05,-1.51755980001688e-07,2.852124325974e-05
"347",9.44357007071355e-05,4.01536945343413e-06,1.69875212480861e-05
"348",6.11236510953919e-05,-1.08740060440061e-05,2.11502949408354e-06
"349",9.57969939802355e-05,2.48056097422967e-07,1.7117556110457e-05
"350",8.85005992402915e-05,4.15197151953621e-07,1.19876389000397e-05
"351",0.000115672994045607,-3.73947401394734e-07,4.32438365350992e-08
"352",5.24558800173721e-05,-8.02257734352565e-07,3.62351788617688e-06
"353",5.13585476411412e-05,-1.75562382361658e-07,-1.58877935159645e-06
"354",9.36137869244362e-05,-1.89465503980697e-08,7.80456726732906e-06
"355",0.000109452721850193,3.41482926316629e-06,-1.01764412694427e-05
"356",6.88485603677662e-05,3.04215656839034e-07,-4.8528662213727e-06
"357",0.000119413748921598,-7.94612474106576e-07,-3.06961473073976e-06
"358",0.000120322475590156,-2.30363924735695e-06,-7.73775915353895e-06
"359",8.03677687527994e-05,-2.7956170754667e-06,-2.83284757303298e-06
"360",8.72386235620201e-05,1.26399434599349e-06,1.82123790972939e-05
"361",9.57547160641445e-05,7.99493264446195e-07,2.94475025015387e-06
"362",6.337965733139e-05,1.27968398711424e-06,-4.94271770748293e-06
"363",5.75588642704963e-05,-2.90982142009566e-06,1.98088155718668e-05
"364",0.000118166557522276,-2.16602411894457e-06,1.43038528933071e-05
"365",0.000100043233780297,4.4922901623735e-07,-1.14185424067832e-05
"366",0.000104166592226791,6.63033393434324e-07,3.71085653775214e-05
