DAY HR    LAT     LON CO2 10000
 97  0  38.14  -99.42  0.31E-09
 97  0  38.14  -99.37  0.41E-09
 97  0  38.14  -99.32  0.41E-09
 97  0  38.14  -99.27  0.31E-09
 97  0  38.19  -99.27  0.10E-09
 97  0  38.19  -99.22  0.41E-09
 97  0  38.19  -99.17  0.41E-09
 97  0  38.19  -99.12  0.10E-09
 97  0  38.24  -99.12  0.31E-09
 97  0  38.24  -99.07  0.41E-09
 97  0  38.29  -99.02  0.43E-09
 97  0  38.29  -98.97  0.40E-09
 97  0  38.34  -98.97  0.13E-09
 97  0  38.34  -98.92  0.36E-09
 97  0  38.34  -98.87  0.45E-09
 97  0  38.39  -98.87  0.22E-09
 97  0  37.14  -98.82  0.11E-09
 97  0  37.19  -98.82  0.42E-09
 97  0  37.24  -98.82  0.11E-09
 97  0  37.79  -98.82  0.48E-09
 97  0  38.39  -98.82  0.10E-08
 97  0  38.44  -98.82  0.37E-09
 97  0  37.24  -98.77  0.32E-09
 97  0  37.29  -98.77  0.21E-09
 97  0  37.39  -98.77  0.25E-09
 97  0  37.79  -98.77  0.36E-09
 97  0  37.84  -98.77  0.12E-09
 97  0  38.24  -98.77  0.22E-09
 97  0  38.44  -98.77  0.75E-09
 97  0  37.29  -98.72  0.21E-09
 97  0  37.34  -98.72  0.32E-09
 97  0  37.39  -98.72  0.62E-10
 97  0  37.44  -98.72  0.31E-09
 97  0  37.49  -98.72  0.62E-10
 97  0  37.84  -98.72  0.48E-09
 97  0  37.89  -98.72  0.12E-09
 97  0  38.24  -98.72  0.45E-09
 97  0  38.29  -98.72  0.18E-08
 97  0  38.44  -98.72  0.37E-09
 97  0  38.49  -98.72  0.11E-08
 97  0  37.39  -98.67  0.32E-09
 97  0  37.44  -98.67  0.11E-09
 97  0  37.49  -98.67  0.25E-09
 97  0  37.54  -98.67  0.31E-09
 97  0  37.59  -98.67  0.62E-10
 97  0  37.84  -98.67  0.12E-09
 97  0  37.89  -98.67  0.48E-09
 97  0  37.94  -98.67  0.28E-09
 97  0  38.34  -98.67  0.18E-08
 97  0  38.39  -98.67  0.45E-09
 97  0  38.54  -98.67  0.11E-08
 97  0  38.59  -98.67  0.60E-09
 97  0  37.44  -98.62  0.21E-09
 97  0  37.49  -98.62  0.32E-09
 97  0  37.59  -98.62  0.19E-09
 97  0  37.64  -98.62  0.19E-09
 97  0  37.69  -98.62  0.12E-09
 97  0  37.74  -98.62  0.17E-09
 97  0  37.89  -98.62  0.36E-09
 97  0  37.94  -98.62  0.34E-09
 97  0  37.99  -98.62  0.15E-09
 97  0  38.39  -98.62  0.16E-08
 97  0  38.44  -98.62  0.90E-09
 97  0  38.59  -98.62  0.22E-09
 97  0  38.64  -98.62  0.11E-08
 97  0  38.69  -98.62  0.45E-09
 97  0  37.54  -98.57  0.33E-09
 97  0  37.59  -98.57  0.23E-09
 97  0  37.64  -98.57  0.45E-09
 97  0  37.69  -98.57  0.13E-08
 97  0  37.74  -98.57  0.16E-08
 97  0  37.79  -98.57  0.29E-09
 97  0  37.84  -98.57  0.10E-09
 97  0  37.94  -98.57  0.48E-09
 97  0  37.99  -98.57  0.31E-09
 97  0  38.04  -98.57  0.15E-09
 97  0  38.09  -98.57  0.16E-08
 97  0  38.14  -98.57  0.65E-09
 97  0  38.44  -98.57  0.16E-08
 97  0  38.49  -98.57  0.22E-09
 97  0  38.69  -98.57  0.45E-09
 97  0  38.74  -98.57  0.90E-09
 97  0  38.79  -98.57  0.90E-09
 97  0  38.84  -98.57  0.45E-09
 97  0  37.54  -98.52  0.20E-09
 97  0  37.64  -98.52  0.23E-09
 97  0  37.69  -98.52  0.45E-09
 97  0  37.74  -98.52  0.21E-08
 97  0  37.79  -98.52  0.66E-09
 97  0  37.84  -98.52  0.27E-09
 97  0  37.89  -98.52  0.69E-09
 97  0  37.94  -98.52  0.11E-08
 97  0  37.99  -98.52  0.76E-09
 97  0  38.04  -98.52  0.23E-09
 97  0  38.09  -98.52  0.15E-09
 97  0  38.14  -98.52  0.11E-08
 97  0  38.19  -98.52  0.16E-09
 97  0  38.49  -98.52  0.11E-08
 97  0  38.84  -98.52  0.45E-09
 97  0  38.89  -98.52  0.11E-08
 97  0  38.94  -98.52  0.45E-09
 97  0  36.79  -98.47  0.93E-10
 97  0  36.84  -98.47  0.14E-09
 97  0  37.29  -98.47  0.62E-09
 97  0  37.34  -98.47  0.41E-10
 97  0  37.39  -98.47  0.20E-10
 97  0  37.59  -98.47  0.15E-09
 97  0  37.69  -98.47  0.11E-09
 97  0  37.74  -98.47  0.48E-09
 97  0  37.79  -98.47  0.26E-08
 97  0  37.84  -98.47  0.61E-09
 97  0  37.89  -98.47  0.49E-09
 97  0  37.94  -98.47  0.49E-09
 97  0  37.99  -98.47  0.68E-09
 97  0  38.04  -98.47  0.92E-09
 97  0  38.09  -98.47  0.10E-08
 97  0  38.14  -98.47  0.79E-09
 97  0  38.19  -98.47  0.13E-08
 97  0  38.24  -98.47  0.84E-09
 97  0  38.29  -98.47  0.51E-09
 97  0  38.34  -98.47  0.68E-09
 97  0  38.39  -98.47  0.51E-09
 97  0  38.44  -98.47  0.70E-09
 97  0  38.49  -98.47  0.55E-09
 97  0  38.54  -98.47  0.17E-08
 97  0  38.59  -98.47  0.73E-09
 97  0  38.64  -98.47  0.18E-09
 97  0  38.94  -98.47  0.68E-09
 97  0  38.99  -98.47  0.90E-09
 97  0  36.84  -98.42  0.93E-10
 97  0  36.89  -98.42  0.28E-09
 97  0  37.34  -98.42  0.75E-09
 97  0  37.39  -98.42  0.82E-10
 97  0  37.44  -98.42  0.21E-09
 97  0  37.54  -98.42  0.12E-09
 97  0  37.59  -98.42  0.56E-09
 97  0  37.69  -98.42  0.45E-09
 97  0  37.74  -98.42  0.18E-09
 97  0  37.79  -98.42  0.49E-09
 97  0  37.84  -98.42  0.23E-08
 97  0  37.99  -98.42  0.62E-09
 97  0  38.04  -98.42  0.86E-09
 97  0  38.09  -98.42  0.86E-09
 97  0  38.14  -98.42  0.70E-09
 97  0  38.19  -98.42  0.93E-09
 97  0  38.24  -98.42  0.14E-08
 97  0  38.29  -98.42  0.56E-09
 97  0  38.34  -98.42  0.56E-09
 97  0  38.59  -98.42  0.11E-08
 97  0  38.64  -98.42  0.37E-09
 97  0  38.69  -98.42  0.73E-09
 97  0  38.74  -98.42  0.37E-09
 97  0  38.99  -98.42  0.23E-09
 97  0  39.04  -98.42  0.11E-08
 97  0  36.94  -98.37  0.23E-09
 97  0  36.99  -98.37  0.47E-10
 97  0  37.14  -98.37  0.36E-10
 97  0  37.19  -98.37  0.32E-09
 97  0  37.24  -98.37  0.64E-09
 97  0  37.34  -98.37  0.97E-10
 97  0  37.39  -98.37  0.62E-09
 97  0  37.44  -98.37  0.83E-10
 97  0  37.49  -98.37  0.25E-09
 97  0  37.59  -98.37  0.46E-09
 97  0  37.64  -98.37  0.32E-09
 97  0  37.69  -98.37  0.22E-09
 97  0  37.74  -98.37  0.22E-09
 97  0  37.79  -98.37  0.37E-09
 97  0  37.84  -98.37  0.43E-09
 97  0  37.89  -98.37  0.20E-08
 97  0  37.94  -98.37  0.98E-09
 97  0  38.09  -98.37  0.24E-09
 97  0  38.14  -98.37  0.24E-09
 97  0  38.24  -98.37  0.27E-09
 97  0  38.29  -98.37  0.83E-09
 97  0  38.39  -98.37  0.56E-09
 97  0  38.44  -98.37  0.75E-09
 97  0  38.49  -98.37  0.56E-09
 97  0  38.54  -98.37  0.75E-09
 97  0  38.59  -98.37  0.75E-09
 97  0  38.64  -98.37  0.11E-08
 97  0  38.74  -98.37  0.18E-09
 97  0  38.79  -98.37  0.73E-09
 97  0  38.84  -98.37  0.73E-09
 97  0  39.09  -98.37  0.91E-09
 97  0  36.99  -98.32  0.19E-09
 97  0  37.04  -98.32  0.94E-10
 97  0  37.14  -98.32  0.25E-09
 97  0  37.19  -98.32  0.33E-09
 97  0  37.24  -98.32  0.48E-09
 97  0  37.29  -98.32  0.48E-09
 97  0  37.34  -98.32  0.13E-08
 97  0  37.39  -98.32  0.41E-09
 97  0  37.44  -98.32  0.86E-09
 97  0  37.49  -98.32  0.21E-09
 97  0  37.54  -98.32  0.40E-09
 97  0  37.59  -98.32  0.62E-10
 97  0  37.64  -98.32  0.92E-09
 97  0  37.69  -98.32  0.26E-09
 97  0  37.74  -98.32  0.45E-09
 97  0  37.79  -98.32  0.92E-10
 97  0  37.84  -98.32  0.85E-09
 97  0  37.89  -98.32  0.40E-09
 97  0  37.94  -98.32  0.15E-08
 97  0  37.99  -98.32  0.19E-08
 97  0  38.04  -98.32  0.58E-09
 97  0  38.09  -98.32  0.87E-09
 97  0  38.14  -98.32  0.12E-08
 97  0  38.19  -98.32  0.48E-09
 97  0  38.29  -98.32  0.65E-09
 97  0  38.34  -98.32  0.91E-09
 97  0  38.59  -98.32  0.19E-09
 97  0  38.64  -98.32  0.15E-08
 97  0  38.69  -98.32  0.17E-08
 97  0  38.74  -98.32  0.56E-09
 97  0  38.79  -98.32  0.88E-09
 97  0  38.84  -98.32  0.18E-09
 97  0  38.89  -98.32  0.98E-09
 97  0  38.94  -98.32  0.90E-09
 97  0  38.99  -98.32  0.23E-09
 97  0  39.09  -98.32  0.23E-09
 97  0  39.14  -98.32  0.68E-09
 97  0  36.99  -98.27  0.60E-11
 97  0  37.04  -98.27  0.94E-10
 97  0  37.09  -98.27  0.19E-09
 97  0  37.19  -98.27  0.11E-08
 97  0  37.24  -98.27  0.40E-09
 97  0  37.29  -98.27  0.56E-09
 97  0  37.34  -98.27  0.81E-09
 97  0  37.39  -98.27  0.34E-08
 97  0  37.44  -98.27  0.30E-08
 97  0  37.49  -98.27  0.71E-09
 97  0  37.54  -98.27  0.66E-09
 97  0  37.59  -98.27  0.44E-09
 97  0  37.64  -98.27  0.59E-09
 97  0  37.69  -98.27  0.97E-09
 97  0  37.74  -98.27  0.42E-09
 97  0  37.79  -98.27  0.22E-09
 97  0  37.84  -98.27  0.12E-08
 97  0  37.89  -98.27  0.44E-09
 97  0  37.94  -98.27  0.27E-09
 97  0  37.99  -98.27  0.40E-09
 97  0  38.04  -98.27  0.14E-08
 97  0  38.09  -98.27  0.83E-09
 97  0  38.19  -98.27  0.48E-09
 97  0  38.24  -98.27  0.12E-08
 97  0  38.29  -98.27  0.16E-08
 97  0  38.34  -98.27  0.82E-09
 97  0  38.39  -98.27  0.16E-08
 97  0  38.44  -98.27  0.71E-09
 97  0  38.49  -98.27  0.53E-09
 97  0  38.54  -98.27  0.71E-09
 97  0  38.59  -98.27  0.71E-09
 97  0  38.64  -98.27  0.71E-09
 97  0  38.69  -98.27  0.71E-09
 97  0  38.74  -98.27  0.20E-08
 97  0  38.79  -98.27  0.16E-08
 97  0  38.84  -98.27  0.75E-09
 97  0  38.89  -98.27  0.38E-09
 97  0  38.99  -98.27  0.90E-09
 97  0  39.14  -98.27  0.45E-09
 97  0  39.19  -98.27  0.23E-09
 97  0  36.84  -98.22  0.21E-09
 97  0  36.99  -98.22  0.36E-09
 97  0  37.04  -98.22  0.12E-09
 97  0  37.14  -98.22  0.41E-09
 97  0  37.19  -98.22  0.40E-09
 97  0  37.24  -98.22  0.11E-08
 97  0  37.29  -98.22  0.56E-09
 97  0  37.34  -98.22  0.66E-09
 97  0  37.39  -98.22  0.72E-09
 97  0  37.44  -98.22  0.33E-08
 97  0  37.49  -98.22  0.36E-08
 97  0  37.54  -98.22  0.15E-08
 97  0  37.59  -98.22  0.62E-09
 97  0  37.64  -98.22  0.50E-09
 97  0  37.69  -98.22  0.15E-08
 97  0  37.74  -98.22  0.79E-09
 97  0  37.79  -98.22  0.97E-09
 97  0  37.84  -98.22  0.14E-08
 97  0  37.89  -98.22  0.11E-08
 97  0  37.94  -98.22  0.36E-09
 97  0  37.99  -98.22  0.64E-09
 97  0  38.04  -98.22  0.74E-09
 97  0  38.09  -98.22  0.13E-08
 97  0  38.14  -98.22  0.12E-08
 97  0  38.29  -98.22  0.16E-08
 97  0  38.34  -98.22  0.10E-08
 97  0  38.39  -98.22  0.52E-09
 97  0  38.44  -98.22  0.11E-08
 97  0  38.69  -98.22  0.47E-09
 97  0  38.79  -98.22  0.91E-09
 97  0  38.84  -98.22  0.18E-08
 97  0  38.89  -98.22  0.20E-08
 97  0  38.94  -98.22  0.98E-09
 97  0  39.04  -98.22  0.68E-09
 97  0  39.19  -98.22  0.91E-09
 97  0  36.74  -98.17  0.82E-09
 97  0  36.79  -98.17  0.16E-09
 97  0  36.84  -98.17  0.30E-09
 97  0  36.89  -98.17  0.82E-09
 97  0  36.94  -98.17  0.71E-09
 97  0  36.99  -98.17  0.15E-08
 97  0  37.04  -98.17  0.10E-08
 97  0  37.09  -98.17  0.36E-09
 97  0  37.14  -98.17  0.87E-10
 97  0  37.19  -98.17  0.59E-09
 97  0  37.24  -98.17  0.79E-09
 97  0  37.29  -98.17  0.12E-08
 97  0  37.34  -98.17  0.91E-09
 97  0  37.39  -98.17  0.73E-09
 97  0  37.44  -98.17  0.47E-09
 97  0  37.49  -98.17  0.29E-08
 97  0  37.54  -98.17  0.44E-08
 97  0  37.59  -98.17  0.34E-08
 97  0  37.64  -98.17  0.29E-08
 97  0  37.69  -98.17  0.66E-09
 97  0  37.74  -98.17  0.17E-08
 97  0  37.79  -98.17  0.23E-08
 97  0  37.84  -98.17  0.16E-08
 97  0  37.89  -98.17  0.17E-08
 97  0  37.94  -98.17  0.71E-09
 97  0  37.99  -98.17  0.25E-08
 97  0  38.04  -98.17  0.62E-09
 97  0  38.09  -98.17  0.10E-08
 97  0  38.14  -98.17  0.42E-09
 97  0  38.19  -98.17  0.12E-08
 97  0  38.24  -98.17  0.11E-08
 97  0  38.29  -98.17  0.31E-08
 97  0  38.34  -98.17  0.39E-09
 97  0  38.39  -98.17  0.16E-08
 97  0  38.44  -98.17  0.90E-09
 97  0  38.49  -98.17  0.16E-08
 97  0  38.59  -98.17  0.45E-09
 97  0  38.64  -98.17  0.18E-09
 97  0  38.69  -98.17  0.31E-09
 97  0  38.74  -98.17  0.39E-09
 97  0  38.79  -98.17  0.25E-09
 97  0  38.89  -98.17  0.70E-09
 97  0  38.94  -98.17  0.15E-08
 97  0  38.99  -98.17  0.12E-08
 97  0  39.04  -98.17  0.68E-09
 97  0  39.19  -98.17  0.68E-09
 97  0  36.79  -98.12  0.63E-09
 97  0  36.84  -98.12  0.93E-09
 97  0  36.94  -98.12  0.46E-09
 97  0  36.99  -98.12  0.73E-09
 97  0  37.04  -98.12  0.17E-08
 97  0  37.09  -98.12  0.12E-08
 97  0  37.14  -98.12  0.11E-08
 97  0  37.19  -98.12  0.57E-09
 97  0  37.24  -98.12  0.31E-09
 97  0  37.29  -98.12  0.14E-08
 97  0  37.34  -98.12  0.17E-08
 97  0  37.39  -98.12  0.12E-08
 97  0  37.44  -98.12  0.16E-08
 97  0  37.49  -98.12  0.14E-08
 97  0  37.54  -98.12  0.24E-08
 97  0  37.59  -98.12  0.45E-08
 97  0  37.64  -98.12  0.57E-08
 97  0  37.69  -98.12  0.49E-08
 97  0  37.74  -98.12  0.31E-08
 97  0  37.79  -98.12  0.19E-08
 97  0  37.84  -98.12  0.19E-08
 97  0  37.89  -98.12  0.27E-08
 97  0  37.94  -98.12  0.20E-08
 97  0  37.99  -98.12  0.26E-08
 97  0  38.04  -98.12  0.30E-08
 97  0  38.09  -98.12  0.11E-08
 97  0  38.14  -98.12  0.90E-09
 97  0  38.19  -98.12  0.94E-09
 97  0  38.29  -98.12  0.33E-08
 97  0  38.34  -98.12  0.13E-08
 97  0  38.39  -98.12  0.13E-08
 97  0  38.44  -98.12  0.67E-09
 97  0  38.49  -98.12  0.17E-08
 97  0  38.54  -98.12  0.27E-08
 97  0  38.59  -98.12  0.27E-08
 97  0  38.64  -98.12  0.15E-08
 97  0  38.69  -98.12  0.11E-08
 97  0  38.74  -98.12  0.81E-09
 97  0  38.79  -98.12  0.25E-09
 97  0  38.84  -98.12  0.29E-09
 97  0  38.89  -98.12  0.25E-09
 97  0  38.94  -98.12  0.68E-09
 97  0  38.99  -98.12  0.11E-08
 97  0  39.04  -98.12  0.75E-09
 97  0  39.09  -98.12  0.11E-08
 97  0  39.24  -98.12  0.68E-09
 97  0  36.59  -98.07  0.90E-10
 97  0  36.74  -98.07  0.13E-09
 97  0  36.79  -98.07  0.51E-09
 97  0  36.84  -98.07  0.70E-10
 97  0  36.89  -98.07  0.10E-08
 97  0  36.94  -98.07  0.71E-09
 97  0  36.99  -98.07  0.37E-09
 97  0  37.04  -98.07  0.12E-08
 97  0  37.09  -98.07  0.18E-08
 97  0  37.14  -98.07  0.14E-08
 97  0  37.19  -98.07  0.13E-08
 97  0  37.24  -98.07  0.13E-08
 97  0  37.29  -98.07  0.51E-09
 97  0  37.34  -98.07  0.23E-08
 97  0  37.39  -98.07  0.25E-08
 97  0  37.44  -98.07  0.17E-08
 97  0  37.49  -98.07  0.36E-08
 97  0  37.54  -98.07  0.34E-08
 97  0  37.59  -98.07  0.87E-08
 97  0  37.64  -98.07  0.40E-08
 97  0  37.69  -98.07  0.60E-08
 97  0  37.74  -98.07  0.52E-08
 97  0  37.79  -98.07  0.70E-08
 97  0  37.84  -98.07  0.37E-08
 97  0  37.89  -98.07  0.29E-08
 97  0  37.94  -98.07  0.37E-08
 97  0  37.99  -98.07  0.19E-08
 97  0  38.04  -98.07  0.54E-08
 97  0  38.09  -98.07  0.30E-08
 97  0  38.14  -98.07  0.36E-08
 97  0  38.19  -98.07  0.36E-08
 97  0  38.24  -98.07  0.37E-08
 97  0  38.29  -98.07  0.49E-08
 97  0  38.34  -98.07  0.28E-08
 97  0  38.39  -98.07  0.21E-08
 97  0  38.44  -98.07  0.12E-08
 97  0  38.49  -98.07  0.18E-08
 97  0  38.54  -98.07  0.45E-09
 97  0  38.59  -98.07  0.34E-08
 97  0  38.64  -98.07  0.36E-08
 97  0  38.69  -98.07  0.19E-08
 97  0  38.74  -98.07  0.30E-08
 97  0  38.79  -98.07  0.30E-08
 97  0  38.84  -98.07  0.24E-08
 97  0  38.89  -98.07  0.13E-08
 97  0  38.99  -98.07  0.68E-09
 97  0  39.04  -98.07  0.90E-09
 97  0  39.09  -98.07  0.12E-08
 97  0  39.19  -98.07  0.23E-09
 97  0  39.24  -98.07  0.91E-09
 97  0  36.59  -98.02  0.13E-09
 97  0  36.64  -98.02  0.23E-09
 97  0  36.79  -98.02  0.74E-09
 97  0  36.84  -98.02  0.15E-08
 97  0  36.89  -98.02  0.51E-09
 97  0  36.94  -98.02  0.44E-09
 97  0  36.99  -98.02  0.94E-09
 97  0  37.04  -98.02  0.12E-08
 97  0  37.09  -98.02  0.11E-08
 97  0  37.14  -98.02  0.16E-08
 97  0  37.19  -98.02  0.16E-08
 97  0  37.24  -98.02  0.22E-08
 97  0  37.29  -98.02  0.19E-08
 97  0  37.34  -98.02  0.10E-08
 97  0  37.39  -98.02  0.41E-08
 97  0  37.44  -98.02  0.29E-08
 97  0  37.49  -98.02  0.19E-08
 97  0  37.54  -98.02  0.47E-08
 97  0  37.59  -98.02  0.54E-08
 97  0  37.64  -98.02  0.11E-07
 97  0  37.69  -98.02  0.82E-08
 97  0  37.74  -98.02  0.41E-08
 97  0  37.79  -98.02  0.56E-08
 97  0  37.84  -98.02  0.75E-08
 97  0  37.89  -98.02  0.61E-08
 97  0  37.94  -98.02  0.54E-08
 97  0  37.99  -98.02  0.61E-08
 97  0  38.04  -98.02  0.51E-08
 97  0  38.09  -98.02  0.66E-08
 97  0  38.14  -98.02  0.45E-08
 97  0  38.19  -98.02  0.43E-08
 97  0  38.24  -98.02  0.50E-08
 97  0  38.29  -98.02  0.58E-08
 97  0  38.34  -98.02  0.62E-08
 97  0  38.39  -98.02  0.70E-08
 97  0  38.44  -98.02  0.56E-08
 97  0  38.49  -98.02  0.41E-08
 97  0  38.54  -98.02  0.50E-08
 97  0  38.59  -98.02  0.58E-08
 97  0  38.64  -98.02  0.41E-08
 97  0  38.69  -98.02  0.28E-08
 97  0  38.74  -98.02  0.24E-08
 97  0  38.79  -98.02  0.17E-08
 97  0  38.84  -98.02  0.13E-08
 97  0  38.89  -98.02  0.25E-08
 97  0  38.94  -98.02  0.18E-08
 97  0  38.99  -98.02  0.11E-08
 97  0  39.04  -98.02  0.98E-09
 97  0  39.09  -98.02  0.91E-09
 97  0  39.14  -98.02  0.12E-08
 97  0  39.19  -98.02  0.23E-09
 97  0  39.24  -98.02  0.45E-09
 97  0  36.64  -97.97  0.90E-10
 97  0  36.69  -97.97  0.23E-09
 97  0  36.74  -97.97  0.25E-09
 97  0  36.79  -97.97  0.53E-09
 97  0  36.84  -97.97  0.27E-09
 97  0  36.89  -97.97  0.11E-08
 97  0  36.94  -97.97  0.14E-08
 97  0  36.99  -97.97  0.11E-08
 97  0  37.04  -97.97  0.10E-08
 97  0  37.09  -97.97  0.16E-08
 97  0  37.14  -97.97  0.23E-08
 97  0  37.19  -97.97  0.15E-08
 97  0  37.24  -97.97  0.25E-08
 97  0  37.29  -97.97  0.38E-08
 97  0  37.34  -97.97  0.26E-08
 97  0  37.39  -97.97  0.29E-08
 97  0  37.44  -97.97  0.56E-08
 97  0  37.49  -97.97  0.61E-08
 97  0  37.54  -97.97  0.47E-08
 97  0  37.59  -97.97  0.64E-08
 97  0  37.64  -97.97  0.90E-08
 97  0  37.69  -97.97  0.14E-07
 97  0  37.74  -97.97  0.11E-07
 97  0  37.79  -97.97  0.77E-08
 97  0  37.84  -97.97  0.81E-08
 97  0  37.89  -97.97  0.91E-08
 97  0  37.94  -97.97  0.88E-08
 97  0  37.99  -97.97  0.76E-08
 97  0  38.04  -97.97  0.81E-08
 97  0  38.09  -97.97  0.66E-08
 97  0  38.14  -97.97  0.83E-08
 97  0  38.19  -97.97  0.43E-08
 97  0  38.24  -97.97  0.46E-08
 97  0  38.29  -97.97  0.44E-08
 97  0  38.34  -97.97  0.52E-08
 97  0  38.39  -97.97  0.67E-08
 97  0  38.44  -97.97  0.70E-08
 97  0  38.49  -97.97  0.41E-08
 97  0  38.54  -97.97  0.31E-08
 97  0  38.59  -97.97  0.44E-08
 97  0  38.64  -97.97  0.54E-08
 97  0  38.69  -97.97  0.39E-08
 97  0  38.74  -97.97  0.55E-08
 97  0  38.79  -97.97  0.44E-08
 97  0  38.84  -97.97  0.41E-08
 97  0  38.89  -97.97  0.29E-08
 97  0  38.94  -97.97  0.23E-08
 97  0  38.99  -97.97  0.38E-08
 97  0  39.04  -97.97  0.33E-08
 97  0  39.09  -97.97  0.27E-08
 97  0  39.14  -97.97  0.20E-08
 97  0  39.19  -97.97  0.10E-08
 97  0  39.24  -97.97  0.98E-09
 97  0  39.29  -97.97  0.60E-09
 97  0  39.34  -97.97  0.18E-09
 97  0  36.64  -97.92  0.70E-10
 97  0  36.69  -97.92  0.12E-09
 97  0  36.74  -97.92  0.21E-09
 97  0  36.79  -97.92  0.23E-09
 97  0  36.84  -97.92  0.47E-09
 97  0  36.89  -97.92  0.78E-09
 97  0  36.94  -97.92  0.73E-09
 97  0  36.99  -97.92  0.84E-09
 97  0  37.04  -97.92  0.19E-08
 97  0  37.09  -97.92  0.22E-08
 97  0  37.14  -97.92  0.19E-08
 97  0  37.19  -97.92  0.24E-08
 97  0  37.24  -97.92  0.22E-08
 97  0  37.29  -97.92  0.35E-08
 97  0  37.34  -97.92  0.32E-08
 97  0  37.39  -97.92  0.38E-08
 97  0  37.44  -97.92  0.41E-08
 97  0  37.49  -97.92  0.62E-08
 97  0  37.54  -97.92  0.59E-08
 97  0  37.59  -97.92  0.71E-08
 97  0  37.64  -97.92  0.59E-08
 97  0  37.69  -97.92  0.11E-07
 97  0  37.74  -97.92  0.13E-07
 97  0  37.79  -97.92  0.14E-07
 97  0  37.84  -97.92  0.14E-07
 97  0  37.89  -97.92  0.86E-08
 97  0  37.94  -97.92  0.11E-07
 97  0  37.99  -97.92  0.11E-07
 97  0  38.04  -97.92  0.91E-08
 97  0  38.09  -97.92  0.11E-07
 97  0  38.14  -97.92  0.13E-07
 97  0  38.19  -97.92  0.10E-07
 97  0  38.24  -97.92  0.96E-08
 97  0  38.29  -97.92  0.11E-07
 97  0  38.34  -97.92  0.10E-07
 97  0  38.39  -97.92  0.85E-08
 97  0  38.44  -97.92  0.66E-08
 97  0  38.49  -97.92  0.65E-08
 97  0  38.54  -97.92  0.62E-08
 97  0  38.59  -97.92  0.97E-08
 97  0  38.64  -97.92  0.78E-08
 97  0  38.69  -97.92  0.86E-08
 97  0  38.74  -97.92  0.80E-08
 97  0  38.79  -97.92  0.53E-08
 97  0  38.84  -97.92  0.43E-08
 97  0  38.89  -97.92  0.46E-08
 97  0  38.94  -97.92  0.42E-08
 97  0  38.99  -97.92  0.27E-08
 97  0  39.04  -97.92  0.42E-08
 97  0  39.09  -97.92  0.29E-08
 97  0  39.14  -97.92  0.36E-08
 97  0  39.19  -97.92  0.83E-09
 97  0  39.29  -97.92  0.12E-08
 97  0  39.34  -97.92  0.87E-09
 97  0  36.64  -97.87  0.52E-11
 97  0  36.69  -97.87  0.56E-10
 97  0  36.74  -97.87  0.34E-09
 97  0  36.79  -97.87  0.67E-09
 97  0  36.84  -97.87  0.12E-08
 97  0  36.89  -97.87  0.18E-08
 97  0  36.94  -97.87  0.77E-09
 97  0  36.99  -97.87  0.11E-08
 97  0  37.04  -97.87  0.15E-08
 97  0  37.09  -97.87  0.30E-08
 97  0  37.14  -97.87  0.36E-08
 97  0  37.19  -97.87  0.31E-08
 97  0  37.24  -97.87  0.32E-08
 97  0  37.29  -97.87  0.43E-08
 97  0  37.34  -97.87  0.59E-08
 97  0  37.39  -97.87  0.30E-08
 97  0  37.44  -97.87  0.34E-08
 97  0  37.49  -97.87  0.57E-08
 97  0  37.54  -97.87  0.59E-08
 97  0  37.59  -97.87  0.57E-08
 97  0  37.64  -97.87  0.49E-08
 97  0  37.69  -97.87  0.81E-08
 97  0  37.74  -97.87  0.11E-07
 97  0  37.79  -97.87  0.11E-07
 97  0  37.84  -97.87  0.12E-07
 97  0  37.89  -97.87  0.10E-07
 97  0  37.94  -97.87  0.13E-07
 97  0  37.99  -97.87  0.10E-07
 97  0  38.04  -97.87  0.10E-07
 97  0  38.09  -97.87  0.12E-07
 97  0  38.14  -97.87  0.12E-07
 97  0  38.19  -97.87  0.91E-08
 97  0  38.24  -97.87  0.96E-08
 97  0  38.29  -97.87  0.10E-07
 97  0  38.34  -97.87  0.11E-07
 97  0  38.39  -97.87  0.10E-07
 97  0  38.44  -97.87  0.11E-07
 97  0  38.49  -97.87  0.91E-08
 97  0  38.54  -97.87  0.96E-08
 97  0  38.59  -97.87  0.66E-08
 97  0  38.64  -97.87  0.79E-08
 97  0  38.69  -97.87  0.76E-08
 97  0  38.74  -97.87  0.72E-08
 97  0  38.79  -97.87  0.53E-08
 97  0  38.84  -97.87  0.59E-08
 97  0  38.89  -97.87  0.35E-08
 97  0  38.94  -97.87  0.30E-08
 97  0  38.99  -97.87  0.31E-08
 97  0  39.04  -97.87  0.23E-08
 97  0  39.09  -97.87  0.26E-08
 97  0  39.14  -97.87  0.43E-08
 97  0  39.19  -97.87  0.29E-08
 97  0  39.24  -97.87  0.23E-09
 97  0  39.29  -97.87  0.45E-09
 97  0  39.34  -97.87  0.13E-08
 97  0  36.39  -97.82  0.21E-09
 97  0  36.44  -97.82  0.53E-09
 97  0  36.49  -97.82  0.21E-09
 97  0  36.59  -97.82  0.68E-09
 97  0  36.64  -97.82  0.85E-09
 97  0  36.69  -97.82  0.80E-09
 97  0  36.74  -97.82  0.14E-09
 97  0  36.79  -97.82  0.70E-09
 97  0  36.84  -97.82  0.16E-08
 97  0  36.89  -97.82  0.84E-09
 97  0  36.94  -97.82  0.20E-08
 97  0  36.99  -97.82  0.17E-08
 97  0  37.04  -97.82  0.17E-08
 97  0  37.09  -97.82  0.21E-08
 97  0  37.14  -97.82  0.44E-08
 97  0  37.19  -97.82  0.47E-08
 97  0  37.24  -97.82  0.30E-08
 97  0  37.29  -97.82  0.34E-08
 97  0  37.34  -97.82  0.39E-08
 97  0  37.39  -97.82  0.84E-08
 97  0  37.44  -97.82  0.78E-08
 97  0  37.49  -97.82  0.73E-08
 97  0  37.54  -97.82  0.98E-08
 97  0  37.59  -97.82  0.84E-08
 97  0  37.64  -97.82  0.87E-08
 97  0  37.69  -97.82  0.92E-08
 97  0  37.74  -97.82  0.13E-07
 97  0  37.79  -97.82  0.13E-07
 97  0  37.84  -97.82  0.17E-07
 97  0  37.89  -97.82  0.15E-07
 97  0  37.94  -97.82  0.16E-07
 97  0  37.99  -97.82  0.14E-07
 97  0  38.04  -97.82  0.13E-07
 97  0  38.09  -97.82  0.18E-07
 97  0  38.14  -97.82  0.15E-07
 97  0  38.19  -97.82  0.13E-07
 97  0  38.24  -97.82  0.75E-08
 97  0  38.29  -97.82  0.10E-07
 97  0  38.34  -97.82  0.12E-07
 97  0  38.39  -97.82  0.80E-08
 97  0  38.44  -97.82  0.89E-08
 97  0  38.49  -97.82  0.89E-08
 97  0  38.54  -97.82  0.71E-08
 97  0  38.59  -97.82  0.58E-08
 97  0  38.64  -97.82  0.10E-07
 97  0  38.69  -97.82  0.86E-08
 97  0  38.74  -97.82  0.12E-07
 97  0  38.79  -97.82  0.11E-07
 97  0  38.84  -97.82  0.91E-08
 97  0  38.89  -97.82  0.39E-08
 97  0  38.94  -97.82  0.58E-08
 97  0  38.99  -97.82  0.42E-08
 97  0  39.04  -97.82  0.31E-08
 97  0  39.09  -97.82  0.29E-08
 97  0  39.14  -97.82  0.10E-08
 97  0  39.19  -97.82  0.44E-08
 97  0  39.24  -97.82  0.18E-08
 97  0  39.29  -97.82  0.52E-09
 97  0  39.34  -97.82  0.11E-08
 97  0  39.54  -97.82  0.13E-09
 97  0  36.14  -97.77  0.47E-09
 97  0  36.34  -97.77  0.40E-10
 97  0  36.49  -97.77  0.30E-09
 97  0  36.54  -97.77  0.71E-09
 97  0  36.59  -97.77  0.53E-09
 97  0  36.64  -97.77  0.42E-09
 97  0  36.69  -97.77  0.74E-09
 97  0  36.74  -97.77  0.13E-08
 97  0  36.79  -97.77  0.17E-08
 97  0  36.84  -97.77  0.67E-09
 97  0  36.89  -97.77  0.31E-08
 97  0  36.94  -97.77  0.38E-08
 97  0  36.99  -97.77  0.54E-08
 97  0  37.04  -97.77  0.41E-08
 97  0  37.09  -97.77  0.30E-08
 97  0  37.14  -97.77  0.16E-08
 97  0  37.19  -97.77  0.39E-08
 97  0  37.24  -97.77  0.57E-08
 97  0  37.29  -97.77  0.52E-08
 97  0  37.34  -97.77  0.45E-08
 97  0  37.39  -97.77  0.46E-08
 97  0  37.44  -97.77  0.56E-08
 97  0  37.49  -97.77  0.76E-08
 97  0  37.54  -97.77  0.10E-07
 97  0  37.59  -97.77  0.87E-08
 97  0  37.64  -97.77  0.90E-08
 97  0  37.69  -97.77  0.10E-07
 97  0  37.74  -97.77  0.12E-07
 97  0  37.79  -97.77  0.12E-07
 97  0  37.84  -97.77  0.17E-07
 97  0  37.89  -97.77  0.16E-07
 97  0  37.94  -97.77  0.16E-07
 97  0  37.99  -97.77  0.15E-07
 97  0  38.04  -97.77  0.16E-07
 97  0  38.09  -97.77  0.30E-07
 97  0  38.14  -97.77  0.16E-07
 97  0  38.19  -97.77  0.18E-07
 97  0  38.24  -97.77  0.14E-07
 97  0  38.29  -97.77  0.18E-07
 97  0  38.34  -97.77  0.14E-07
 97  0  38.39  -97.77  0.11E-07
 97  0  38.44  -97.77  0.11E-07
 97  0  38.49  -97.77  0.87E-08
 97  0  38.54  -97.77  0.76E-08
 97  0  38.59  -97.77  0.73E-08
 97  0  38.64  -97.77  0.11E-07
 97  0  38.69  -97.77  0.10E-07
 97  0  38.74  -97.77  0.11E-07
 97  0  38.79  -97.77  0.87E-08
 97  0  38.84  -97.77  0.13E-07
 97  0  38.89  -97.77  0.71E-08
 97  0  38.94  -97.77  0.59E-08
 97  0  38.99  -97.77  0.35E-08
 97  0  39.04  -97.77  0.40E-08
 97  0  39.09  -97.77  0.51E-08
 97  0  39.14  -97.77  0.46E-08
 97  0  39.19  -97.77  0.58E-08
 97  0  39.24  -97.77  0.39E-08
 97  0  39.29  -97.77  0.13E-08
 97  0  39.34  -97.77  0.14E-08
 97  0  39.49  -97.77  0.13E-09
 97  0  39.54  -97.77  0.13E-09
 97  0  36.19  -97.72  0.78E-09
 97  0  36.24  -97.72  0.63E-09
 97  0  36.34  -97.72  0.20E-10
 97  0  36.39  -97.72  0.13E-09
 97  0  36.44  -97.72  0.27E-09
 97  0  36.49  -97.72  0.11E-09
 97  0  36.54  -97.72  0.45E-09
 97  0  36.59  -97.72  0.83E-09
 97  0  36.64  -97.72  0.71E-09
 97  0  36.69  -97.72  0.78E-09
 97  0  36.74  -97.72  0.38E-08
 97  0  36.79  -97.72  0.44E-08
 97  0  36.84  -97.72  0.42E-08
 97  0  36.89  -97.72  0.31E-08
 97  0  36.94  -97.72  0.31E-08
 97  0  36.99  -97.72  0.27E-08
 97  0  37.04  -97.72  0.36E-08
 97  0  37.09  -97.72  0.50E-08
 97  0  37.14  -97.72  0.71E-08
 97  0  37.19  -97.72  0.49E-08
 97  0  37.24  -97.72  0.57E-08
 97  0  37.29  -97.72  0.54E-08
 97  0  37.34  -97.72  0.67E-08
 97  0  37.39  -97.72  0.68E-08
 97  0  37.44  -97.72  0.72E-08
 97  0  37.49  -97.72  0.74E-08
 97  0  37.54  -97.72  0.70E-08
 97  0  37.59  -97.72  0.11E-07
 97  0  37.64  -97.72  0.11E-07
 97  0  37.69  -97.72  0.15E-07
 97  0  37.74  -97.72  0.13E-07
 97  0  37.79  -97.72  0.14E-07
 97  0  37.84  -97.72  0.18E-07
 97  0  37.89  -97.72  0.28E-07
 97  0  37.94  -97.72  0.19E-07
 97  0  37.99  -97.72  0.23E-07
 97  0  38.04  -97.72  0.19E-07
 97  0  38.09  -97.72  0.21E-07
 97  0  38.14  -97.72  0.22E-07
 97  0  38.19  -97.72  0.25E-07
 97  0  38.24  -97.72  0.19E-07
 97  0  38.29  -97.72  0.18E-07
 97  0  38.34  -97.72  0.18E-07
 97  0  38.39  -97.72  0.19E-07
 97  0  38.44  -97.72  0.20E-07
 97  0  38.49  -97.72  0.16E-07
 97  0  38.54  -97.72  0.11E-07
 97  0  38.59  -97.72  0.94E-08
 97  0  38.64  -97.72  0.11E-07
 97  0  38.69  -97.72  0.14E-07
 97  0  38.74  -97.72  0.12E-07
 97  0  38.79  -97.72  0.13E-07
 97  0  38.84  -97.72  0.13E-07
 97  0  38.89  -97.72  0.13E-07
 97  0  38.94  -97.72  0.91E-08
 97  0  38.99  -97.72  0.38E-08
 97  0  39.04  -97.72  0.45E-08
 97  0  39.09  -97.72  0.20E-08
 97  0  39.14  -97.72  0.30E-08
 97  0  39.19  -97.72  0.56E-08
 97  0  39.24  -97.72  0.55E-08
 97  0  39.29  -97.72  0.28E-08
 97  0  39.34  -97.72  0.17E-08
 97  0  39.44  -97.72  0.68E-09
 97  0  39.49  -97.72  0.25E-09
 97  0  36.24  -97.67  0.16E-09
 97  0  36.29  -97.67  0.63E-09
 97  0  36.34  -97.67  0.71E-09
 97  0  36.39  -97.67  0.74E-09
 97  0  36.44  -97.67  0.80E-09
 97  0  36.49  -97.67  0.65E-09
 97  0  36.54  -97.67  0.61E-09
 97  0  36.59  -97.67  0.93E-09
 97  0  36.64  -97.67  0.15E-08
 97  0  36.69  -97.67  0.22E-08
 97  0  36.74  -97.67  0.65E-09
 97  0  36.79  -97.67  0.22E-08
 97  0  36.84  -97.67  0.39E-08
 97  0  36.89  -97.67  0.45E-08
 97  0  36.94  -97.67  0.61E-08
 97  0  36.99  -97.67  0.38E-08
 97  0  37.04  -97.67  0.43E-08
 97  0  37.09  -97.67  0.50E-08
 97  0  37.14  -97.67  0.44E-08
 97  0  37.19  -97.67  0.90E-08
 97  0  37.24  -97.67  0.12E-07
 97  0  37.29  -97.67  0.12E-07
 97  0  37.34  -97.67  0.97E-08
 97  0  37.39  -97.67  0.95E-08
 97  0  37.44  -97.67  0.11E-07
 97  0  37.49  -97.67  0.13E-07
 97  0  37.54  -97.67  0.12E-07
 97  0  37.59  -97.67  0.85E-08
 97  0  37.64  -97.67  0.10E-07
 97  0  37.69  -97.67  0.13E-07
 97  0  37.74  -97.67  0.16E-07
 97  0  37.79  -97.67  0.14E-07
 97  0  37.84  -97.67  0.16E-07
 97  0  37.89  -97.67  0.19E-07
 97  0  37.94  -97.67  0.22E-07
 97  0  37.99  -97.67  0.18E-07
 97  0  38.04  -97.67  0.25E-07
 97  0  38.09  -97.67  0.19E-07
 97  0  38.14  -97.67  0.24E-07
 97  0  38.19  -97.67  0.20E-07
 97  0  38.24  -97.67  0.20E-07
 97  0  38.29  -97.67  0.19E-07
 97  0  38.34  -97.67  0.20E-07
 97  0  38.39  -97.67  0.20E-07
 97  0  38.44  -97.67  0.17E-07
 97  0  38.49  -97.67  0.17E-07
 97  0  38.54  -97.67  0.13E-07
 97  0  38.59  -97.67  0.15E-07
 97  0  38.64  -97.67  0.14E-07
 97  0  38.69  -97.67  0.15E-07
 97  0  38.74  -97.67  0.13E-07
 97  0  38.79  -97.67  0.12E-07
 97  0  38.84  -97.67  0.13E-07
 97  0  38.89  -97.67  0.15E-07
 97  0  38.94  -97.67  0.15E-07
 97  0  38.99  -97.67  0.12E-07
 97  0  39.04  -97.67  0.75E-08
 97  0  39.09  -97.67  0.49E-08
 97  0  39.14  -97.67  0.41E-08
 97  0  39.19  -97.67  0.70E-08
 97  0  39.24  -97.67  0.81E-08
 97  0  39.29  -97.67  0.45E-08
 97  0  39.34  -97.67  0.16E-08
 97  0  39.39  -97.67  0.19E-09
 97  0  39.44  -97.67  0.63E-09
 97  0  39.49  -97.67  0.43E-09
 97  0  36.24  -97.62  0.17E-09
 97  0  36.39  -97.62  0.23E-09
 97  0  36.44  -97.62  0.54E-09
 97  0  36.49  -97.62  0.89E-09
 97  0  36.54  -97.62  0.15E-08
 97  0  36.59  -97.62  0.26E-08
 97  0  36.64  -97.62  0.26E-08
 97  0  36.69  -97.62  0.25E-08
 97  0  36.74  -97.62  0.49E-08
 97  0  36.79  -97.62  0.32E-08
 97  0  36.84  -97.62  0.39E-08
 97  0  36.89  -97.62  0.45E-08
 97  0  36.94  -97.62  0.42E-08
 97  0  36.99  -97.62  0.71E-08
 97  0  37.04  -97.62  0.69E-08
 97  0  37.09  -97.62  0.40E-08
 97  0  37.14  -97.62  0.43E-08
 97  0  37.19  -97.62  0.64E-08
 97  0  37.24  -97.62  0.71E-08
 97  0  37.29  -97.62  0.99E-08
 97  0  37.34  -97.62  0.11E-07
 97  0  37.39  -97.62  0.13E-07
 97  0  37.44  -97.62  0.10E-07
 97  0  37.49  -97.62  0.11E-07
 97  0  37.54  -97.62  0.16E-07
 97  0  37.59  -97.62  0.13E-07
 97  0  37.64  -97.62  0.15E-07
 97  0  37.69  -97.62  0.14E-07
 97  0  37.74  -97.62  0.16E-07
 97  0  37.79  -97.62  0.17E-07
 97  0  37.84  -97.62  0.23E-07
 97  0  37.89  -97.62  0.24E-07
 97  0  37.94  -97.62  0.29E-07
 97  0  37.99  -97.62  0.23E-07
 97  0  38.04  -97.62  0.29E-07
 97  0  38.09  -97.62  0.30E-07
 97  0  38.14  -97.62  0.28E-07
 97  0  38.19  -97.62  0.26E-07
 97  0  38.24  -97.62  0.29E-07
 97  0  38.29  -97.62  0.24E-07
 97  0  38.34  -97.62  0.23E-07
 97  0  38.39  -97.62  0.26E-07
 97  0  38.44  -97.62  0.25E-07
 97  0  38.49  -97.62  0.20E-07
 97  0  38.54  -97.62  0.21E-07
 97  0  38.59  -97.62  0.16E-07
 97  0  38.64  -97.62  0.17E-07
 97  0  38.69  -97.62  0.23E-07
 97  0  38.74  -97.62  0.19E-07
 97  0  38.79  -97.62  0.18E-07
 97  0  38.84  -97.62  0.12E-07
 97  0  38.89  -97.62  0.13E-07
 97  0  38.94  -97.62  0.12E-07
 97  0  38.99  -97.62  0.10E-07
 97  0  39.04  -97.62  0.88E-08
 97  0  39.09  -97.62  0.59E-08
 97  0  39.14  -97.62  0.59E-08
 97  0  39.19  -97.62  0.77E-08
 97  0  39.24  -97.62  0.75E-08
 97  0  39.29  -97.62  0.88E-08
 97  0  39.34  -97.62  0.19E-08
 97  0  39.39  -97.62  0.98E-09
 97  0  39.44  -97.62  0.84E-09
 97  0  39.49  -97.62  0.46E-09
 97  0  39.54  -97.62  0.59E-09
 97  0  35.99  -97.57  0.46E-09
 97  0  36.04  -97.57  0.53E-09
 97  0  36.09  -97.57  0.61E-09
 97  0  36.14  -97.57  0.30E-09
 97  0  36.24  -97.57  0.17E-09
 97  0  36.29  -97.57  0.68E-09
 97  0  36.34  -97.57  0.56E-09
 97  0  36.39  -97.57  0.20E-09
 97  0  36.44  -97.57  0.34E-10
 97  0  36.49  -97.57  0.80E-09
 97  0  36.54  -97.57  0.53E-09
 97  0  36.59  -97.57  0.42E-09
 97  0  36.64  -97.57  0.10E-08
 97  0  36.69  -97.57  0.16E-08
 97  0  36.74  -97.57  0.25E-08
 97  0  36.79  -97.57  0.55E-08
 97  0  36.84  -97.57  0.59E-08
 97  0  36.89  -97.57  0.62E-08
 97  0  36.94  -97.57  0.41E-08
 97  0  36.99  -97.57  0.36E-08
 97  0  37.04  -97.57  0.54E-08
 97  0  37.09  -97.57  0.61E-08
 97  0  37.14  -97.57  0.84E-08
 97  0  37.19  -97.57  0.84E-08
 97  0  37.24  -97.57  0.10E-07
 97  0  37.29  -97.57  0.79E-08
 97  0  37.34  -97.57  0.98E-08
 97  0  37.39  -97.57  0.13E-07
 97  0  37.44  -97.57  0.13E-07
 97  0  37.49  -97.57  0.14E-07
 97  0  37.54  -97.57  0.12E-07
 97  0  37.59  -97.57  0.17E-07
 97  0  37.64  -97.57  0.19E-07
 97  0  37.69  -97.57  0.17E-07
 97  0  37.74  -97.57  0.16E-07
 97  0  37.79  -97.57  0.17E-07
 97  0  37.84  -97.57  0.19E-07
 97  0  37.89  -97.57  0.21E-07
 97  0  37.94  -97.57  0.34E-07
 97  0  37.99  -97.57  0.34E-07
 97  0  38.04  -97.57  0.27E-07
 97  0  38.09  -97.57  0.29E-07
 97  0  38.14  -97.57  0.30E-07
 97  0  38.19  -97.57  0.31E-07
 97  0  38.24  -97.57  0.31E-07
 97  0  38.29  -97.57  0.33E-07
 97  0  38.34  -97.57  0.28E-07
 97  0  38.39  -97.57  0.32E-07
 97  0  38.44  -97.57  0.23E-07
 97  0  38.49  -97.57  0.23E-07
 97  0  38.54  -97.57  0.24E-07
 97  0  38.59  -97.57  0.18E-07
 97  0  38.64  -97.57  0.17E-07
 97  0  38.69  -97.57  0.22E-07
 97  0  38.74  -97.57  0.20E-07
 97  0  38.79  -97.57  0.20E-07
 97  0  38.84  -97.57  0.18E-07
 97  0  38.89  -97.57  0.16E-07
 97  0  38.94  -97.57  0.15E-07
 97  0  38.99  -97.57  0.13E-07
 97  0  39.04  -97.57  0.10E-07
 97  0  39.09  -97.57  0.93E-08
 97  0  39.14  -97.57  0.80E-08
 97  0  39.19  -97.57  0.90E-08
 97  0  39.24  -97.57  0.63E-08
 97  0  39.29  -97.57  0.67E-08
 97  0  39.34  -97.57  0.55E-08
 97  0  39.39  -97.57  0.25E-08
 97  0  39.44  -97.57  0.89E-09
 97  0  39.49  -97.57  0.46E-09
 97  0  39.54  -97.57  0.59E-09
 97  0  35.99  -97.52  0.36E-10
 97  0  36.04  -97.52  0.23E-09
 97  0  36.09  -97.52  0.36E-09
 97  0  36.14  -97.52  0.71E-09
 97  0  36.19  -97.52  0.94E-09
 97  0  36.24  -97.52  0.88E-09
 97  0  36.29  -97.52  0.46E-09
 97  0  36.34  -97.52  0.61E-09
 97  0  36.39  -97.52  0.11E-08
 97  0  36.44  -97.52  0.83E-09
 97  0  36.49  -97.52  0.11E-08
 97  0  36.54  -97.52  0.13E-08
 97  0  36.59  -97.52  0.12E-08
 97  0  36.64  -97.52  0.11E-08
 97  0  36.69  -97.52  0.12E-08
 97  0  36.74  -97.52  0.15E-08
 97  0  36.79  -97.52  0.17E-08
 97  0  36.84  -97.52  0.35E-08
 97  0  36.89  -97.52  0.53E-08
 97  0  36.94  -97.52  0.93E-08
 97  0  36.99  -97.52  0.81E-08
 97  0  37.04  -97.52  0.43E-08
 97  0  37.09  -97.52  0.60E-08
 97  0  37.14  -97.52  0.73E-08
 97  0  37.19  -97.52  0.90E-08
 97  0  37.24  -97.52  0.14E-07
 97  0  37.29  -97.52  0.14E-07
 97  0  37.34  -97.52  0.11E-07
 97  0  37.39  -97.52  0.12E-07
 97  0  37.44  -97.52  0.11E-07
 97  0  37.49  -97.52  0.17E-07
 97  0  37.54  -97.52  0.15E-07
 97  0  37.59  -97.52  0.16E-07
 97  0  37.64  -97.52  0.15E-07
 97  0  37.69  -97.52  0.21E-07
 97  0  37.74  -97.52  0.23E-07
 97  0  37.79  -97.52  0.17E-07
 97  0  37.84  -97.52  0.19E-07
 97  0  37.89  -97.52  0.22E-07
 97  0  37.94  -97.52  0.33E-07
 97  0  37.99  -97.52  0.34E-07
 97  0  38.04  -97.52  0.40E-07
 97  0  38.09  -97.52  0.38E-07
 97  0  38.14  -97.52  0.39E-07
 97  0  38.19  -97.52  0.38E-07
 97  0  38.24  -97.52  0.37E-07
 97  0  38.29  -97.52  0.36E-07
 97  0  38.34  -97.52  0.36E-07
 97  0  38.39  -97.52  0.34E-07
 97  0  38.44  -97.52  0.35E-07
 97  0  38.49  -97.52  0.30E-07
 97  0  38.54  -97.52  0.30E-07
 97  0  38.59  -97.52  0.23E-07
 97  0  38.64  -97.52  0.23E-07
 97  0  38.69  -97.52  0.24E-07
 97  0  38.74  -97.52  0.17E-07
 97  0  38.79  -97.52  0.24E-07
 97  0  38.84  -97.52  0.18E-07
 97  0  38.89  -97.52  0.21E-07
 97  0  38.94  -97.52  0.20E-07
 97  0  38.99  -97.52  0.16E-07
 97  0  39.04  -97.52  0.16E-07
 97  0  39.09  -97.52  0.12E-07
 97  0  39.14  -97.52  0.76E-08
 97  0  39.19  -97.52  0.10E-07
 97  0  39.24  -97.52  0.81E-08
 97  0  39.29  -97.52  0.62E-08
 97  0  39.34  -97.52  0.36E-08
 97  0  39.39  -97.52  0.62E-08
 97  0  39.44  -97.52  0.71E-09
 97  0  39.49  -97.52  0.13E-08
 97  0  39.54  -97.52  0.23E-09
 97  0  39.59  -97.52  0.23E-09
 97  0  35.94  -97.47  0.11E-09
 97  0  35.99  -97.47  0.34E-09
 97  0  36.04  -97.47  0.30E-09
 97  0  36.09  -97.47  0.14E-09
 97  0  36.14  -97.47  0.19E-09
 97  0  36.19  -97.47  0.23E-09
 97  0  36.24  -97.47  0.31E-09
 97  0  36.29  -97.47  0.51E-09
 97  0  36.34  -97.47  0.26E-09
 97  0  36.39  -97.47  0.42E-09
 97  0  36.44  -97.47  0.61E-09
 97  0  36.49  -97.47  0.94E-09
 97  0  36.54  -97.47  0.14E-08
 97  0  36.59  -97.47  0.15E-08
 97  0  36.64  -97.47  0.29E-08
 97  0  36.69  -97.47  0.40E-08
 97  0  36.74  -97.47  0.40E-08
 97  0  36.79  -97.47  0.47E-08
 97  0  36.84  -97.47  0.43E-08
 97  0  36.89  -97.47  0.57E-08
 97  0  36.94  -97.47  0.65E-08
 97  0  36.99  -97.47  0.69E-08
 97  0  37.04  -97.47  0.98E-08
 97  0  37.09  -97.47  0.80E-08
 97  0  37.14  -97.47  0.78E-08
 97  0  37.19  -97.47  0.10E-07
 97  0  37.24  -97.47  0.10E-07
 97  0  37.29  -97.47  0.13E-07
 97  0  37.34  -97.47  0.11E-07
 97  0  37.39  -97.47  0.16E-07
 97  0  37.44  -97.47  0.14E-07
 97  0  37.49  -97.47  0.13E-07
 97  0  37.54  -97.47  0.17E-07
 97  0  37.59  -97.47  0.13E-07
 97  0  37.64  -97.47  0.14E-07
 97  0  37.69  -97.47  0.24E-07
 97  0  37.74  -97.47  0.26E-07
 97  0  37.79  -97.47  0.18E-07
 97  0  37.84  -97.47  0.19E-07
 97  0  37.89  -97.47  0.19E-07
 97  0  37.94  -97.47  0.21E-07
 97  0  37.99  -97.47  0.27E-07
 97  0  38.04  -97.47  0.30E-07
 97  0  38.09  -97.47  0.35E-07
 97  0  38.14  -97.47  0.32E-07
 97  0  38.19  -97.47  0.35E-07
 97  0  38.24  -97.47  0.34E-07
 97  0  38.29  -97.47  0.35E-07
 97  0  38.34  -97.47  0.37E-07
 97  0  38.39  -97.47  0.32E-07
 97  0  38.44  -97.47  0.41E-07
 97  0  38.49  -97.47  0.37E-07
 97  0  38.54  -97.47  0.36E-07
 97  0  38.59  -97.47  0.32E-07
 97  0  38.64  -97.47  0.29E-07
 97  0  38.69  -97.47  0.26E-07
 97  0  38.74  -97.47  0.29E-07
 97  0  38.79  -97.47  0.29E-07
 97  0  38.84  -97.47  0.26E-07
 97  0  38.89  -97.47  0.20E-07
 97  0  38.94  -97.47  0.20E-07
 97  0  38.99  -97.47  0.22E-07
 97  0  39.04  -97.47  0.20E-07
 97  0  39.09  -97.47  0.20E-07
 97  0  39.14  -97.47  0.93E-08
 97  0  39.19  -97.47  0.11E-07
 97  0  39.24  -97.47  0.93E-08
 97  0  39.29  -97.47  0.70E-08
 97  0  39.34  -97.47  0.48E-08
 97  0  39.39  -97.47  0.49E-08
 97  0  39.44  -97.47  0.11E-08
 97  0  39.49  -97.47  0.17E-08
 97  0  39.54  -97.47  0.23E-09
 97  0  36.04  -97.42  0.23E-09
 97  0  36.09  -97.42  0.49E-09
 97  0  36.14  -97.42  0.92E-09
 97  0  36.19  -97.42  0.11E-08
 97  0  36.24  -97.42  0.64E-09
 97  0  36.29  -97.42  0.33E-09
 97  0  36.34  -97.42  0.99E-09
 97  0  36.39  -97.42  0.16E-08
 97  0  36.44  -97.42  0.14E-08
 97  0  36.49  -97.42  0.14E-08
 97  0  36.54  -97.42  0.11E-08
 97  0  36.59  -97.42  0.18E-08
 97  0  36.64  -97.42  0.72E-09
 97  0  36.69  -97.42  0.41E-09
 97  0  36.74  -97.42  0.25E-08
 97  0  36.79  -97.42  0.25E-08
 97  0  36.84  -97.42  0.23E-08
 97  0  36.89  -97.42  0.27E-08
 97  0  36.94  -97.42  0.39E-08
 97  0  36.99  -97.42  0.59E-08
 97  0  37.04  -97.42  0.76E-08
 97  0  37.09  -97.42  0.81E-08
 97  0  37.14  -97.42  0.98E-08
 97  0  37.19  -97.42  0.86E-08
 97  0  37.24  -97.42  0.93E-08
 97  0  37.29  -97.42  0.13E-07
 97  0  37.34  -97.42  0.13E-07
 97  0  37.39  -97.42  0.64E-08
 97  0  37.44  -97.42  0.11E-07
 97  0  37.49  -97.42  0.12E-07
 97  0  37.54  -97.42  0.13E-07
 97  0  37.59  -97.42  0.12E-07
 97  0  37.64  -97.42  0.14E-07
 97  0  37.69  -97.42  0.19E-07
 97  0  37.74  -97.42  0.21E-07
 97  0  37.79  -97.42  0.23E-07
 97  0  37.84  -97.42  0.22E-07
 97  0  37.89  -97.42  0.22E-07
 97  0  37.94  -97.42  0.27E-07
 97  0  37.99  -97.42  0.32E-07
 97  0  38.04  -97.42  0.36E-07
 97  0  38.09  -97.42  0.33E-07
 97  0  38.14  -97.42  0.43E-07
 97  0  38.19  -97.42  0.39E-07
 97  0  38.24  -97.42  0.46E-07
 97  0  38.29  -97.42  0.54E-07
 97  0  38.34  -97.42  0.44E-07
 97  0  38.39  -97.42  0.45E-07
 97  0  38.44  -97.42  0.41E-07
 97  0  38.49  -97.42  0.44E-07
 97  0  38.54  -97.42  0.42E-07
 97  0  38.59  -97.42  0.47E-07
 97  0  38.64  -97.42  0.39E-07
 97  0  38.69  -97.42  0.33E-07
 97  0  38.74  -97.42  0.35E-07
 97  0  38.79  -97.42  0.29E-07
 97  0  38.84  -97.42  0.35E-07
 97  0  38.89  -97.42  0.30E-07
 97  0  38.94  -97.42  0.24E-07
 97  0  38.99  -97.42  0.28E-07
 97  0  39.04  -97.42  0.30E-07
 97  0  39.09  -97.42  0.21E-07
 97  0  39.14  -97.42  0.16E-07
 97  0  39.19  -97.42  0.16E-07
 97  0  39.24  -97.42  0.14E-07
 97  0  39.29  -97.42  0.78E-08
 97  0  39.34  -97.42  0.46E-08
 97  0  39.39  -97.42  0.68E-08
 97  0  39.44  -97.42  0.27E-08
 97  0  39.49  -97.42  0.41E-09
 97  0  39.54  -97.42  0.70E-09
 97  0  35.99  -97.37  0.17E-10
 97  0  36.04  -97.37  0.69E-10
 97  0  36.09  -97.37  0.74E-10
 97  0  36.14  -97.37  0.17E-10
 97  0  36.19  -97.37  0.36E-10
 97  0  36.24  -97.37  0.64E-09
 97  0  36.29  -97.37  0.11E-08
 97  0  36.34  -97.37  0.17E-08
 97  0  36.39  -97.37  0.14E-08
 97  0  36.44  -97.37  0.12E-08
 97  0  36.49  -97.37  0.12E-08
 97  0  36.54  -97.37  0.18E-08
 97  0  36.59  -97.37  0.17E-08
 97  0  36.64  -97.37  0.17E-08
 97  0  36.69  -97.37  0.18E-08
 97  0  36.74  -97.37  0.12E-08
 97  0  36.79  -97.37  0.12E-08
 97  0  36.84  -97.37  0.19E-08
 97  0  36.89  -97.37  0.21E-08
 97  0  36.94  -97.37  0.19E-08
 97  0  36.99  -97.37  0.21E-08
 97  0  37.04  -97.37  0.34E-08
 97  0  37.09  -97.37  0.61E-08
 97  0  37.14  -97.37  0.87E-08
 97  0  37.19  -97.37  0.10E-07
 97  0  37.24  -97.37  0.95E-08
 97  0  37.29  -97.37  0.11E-07
 97  0  37.34  -97.37  0.12E-07
 97  0  37.39  -97.37  0.16E-07
 97  0  37.44  -97.37  0.12E-07
 97  0  37.49  -97.37  0.91E-08
 97  0  37.54  -97.37  0.15E-07
 97  0  37.59  -97.37  0.15E-07
 97  0  37.64  -97.37  0.15E-07
 97  0  37.69  -97.37  0.15E-07
 97  0  37.74  -97.37  0.17E-07
 97  0  37.79  -97.37  0.17E-07
 97  0  37.84  -97.37  0.19E-07
 97  0  37.89  -97.37  0.31E-07
 97  0  37.94  -97.37  0.30E-07
 97  0  37.99  -97.37  0.32E-07
 97  0  38.04  -97.37  0.38E-07
 97  0  38.09  -97.37  0.39E-07
 97  0  38.14  -97.37  0.43E-07
 97  0  38.19  -97.37  0.46E-07
 97  0  38.24  -97.37  0.43E-07
 97  0  38.29  -97.37  0.53E-07
 97  0  38.34  -97.37  0.59E-07
 97  0  38.39  -97.37  0.52E-07
 97  0  38.44  -97.37  0.49E-07
 97  0  38.49  -97.37  0.53E-07
 97  0  38.54  -97.37  0.43E-07
 97  0  38.59  -97.37  0.50E-07
 97  0  38.64  -97.37  0.44E-07
 97  0  38.69  -97.37  0.40E-07
 97  0  38.74  -97.37  0.42E-07
 97  0  38.79  -97.37  0.31E-07
 97  0  38.84  -97.37  0.31E-07
 97  0  38.89  -97.37  0.34E-07
 97  0  38.94  -97.37  0.33E-07
 97  0  38.99  -97.37  0.26E-07
 97  0  39.04  -97.37  0.30E-07
 97  0  39.09  -97.37  0.23E-07
 97  0  39.14  -97.37  0.15E-07
 97  0  39.19  -97.37  0.17E-07
 97  0  39.24  -97.37  0.13E-07
 97  0  39.29  -97.37  0.11E-07
 97  0  39.34  -97.37  0.66E-08
 97  0  39.39  -97.37  0.76E-08
 97  0  39.44  -97.37  0.36E-08
 97  0  39.49  -97.37  0.16E-08
 97  0  39.54  -97.37  0.93E-09
 97  0  36.04  -97.32  0.34E-09
 97  0  36.09  -97.32  0.36E-09
 97  0  36.14  -97.32  0.10E-09
 97  0  36.19  -97.32  0.96E-10
 97  0  36.24  -97.32  0.87E-10
 97  0  36.29  -97.32  0.16E-09
 97  0  36.34  -97.32  0.38E-09
 97  0  36.39  -97.32  0.12E-09
 97  0  36.44  -97.32  0.12E-08
 97  0  36.49  -97.32  0.91E-09
 97  0  36.54  -97.32  0.12E-08
 97  0  36.59  -97.32  0.12E-08
 97  0  36.64  -97.32  0.14E-08
 97  0  36.69  -97.32  0.17E-08
 97  0  36.74  -97.32  0.18E-08
 97  0  36.79  -97.32  0.23E-08
 97  0  36.84  -97.32  0.23E-08
 97  0  36.89  -97.32  0.26E-08
 97  0  36.94  -97.32  0.24E-08
 97  0  36.99  -97.32  0.38E-08
 97  0  37.04  -97.32  0.32E-08
 97  0  37.09  -97.32  0.36E-08
 97  0  37.14  -97.32  0.61E-08
 97  0  37.19  -97.32  0.91E-08
 97  0  37.24  -97.32  0.85E-08
 97  0  37.29  -97.32  0.70E-08
 97  0  37.34  -97.32  0.14E-07
 97  0  37.39  -97.32  0.11E-07
 97  0  37.44  -97.32  0.14E-07
 97  0  37.49  -97.32  0.13E-07
 97  0  37.54  -97.32  0.12E-07
 97  0  37.59  -97.32  0.16E-07
 97  0  37.64  -97.32  0.20E-07
 97  0  37.69  -97.32  0.18E-07
 97  0  37.74  -97.32  0.17E-07
 97  0  37.79  -97.32  0.21E-07
 97  0  37.84  -97.32  0.22E-07
 97  0  37.89  -97.32  0.25E-07
 97  0  37.94  -97.32  0.24E-07
 97  0  37.99  -97.32  0.30E-07
 97  0  38.04  -97.32  0.29E-07
 97  0  38.09  -97.32  0.40E-07
 97  0  38.14  -97.32  0.45E-07
 97  0  38.19  -97.32  0.39E-07
 97  0  38.24  -97.32  0.39E-07
 97  0  38.29  -97.32  0.43E-07
 97  0  38.34  -97.32  0.55E-07
 97  0  38.39  -97.32  0.59E-07
 97  0  38.44  -97.32  0.56E-07
 97  0  38.49  -97.32  0.59E-07
 97  0  38.54  -97.32  0.55E-07
 97  0  38.59  -97.32  0.58E-07
 97  0  38.64  -97.32  0.56E-07
 97  0  38.69  -97.32  0.48E-07
 97  0  38.74  -97.32  0.44E-07
 97  0  38.79  -97.32  0.48E-07
 97  0  38.84  -97.32  0.32E-07
 97  0  38.89  -97.32  0.31E-07
 97  0  38.94  -97.32  0.33E-07
 97  0  38.99  -97.32  0.41E-07
 97  0  39.04  -97.32  0.37E-07
 97  0  39.09  -97.32  0.38E-07
 97  0  39.14  -97.32  0.21E-07
 97  0  39.19  -97.32  0.19E-07
 97  0  39.24  -97.32  0.15E-07
 97  0  39.29  -97.32  0.13E-07
 97  0  39.34  -97.32  0.80E-08
 97  0  39.39  -97.32  0.50E-08
 97  0  39.44  -97.32  0.29E-08
 97  0  39.49  -97.32  0.21E-08
 97  0  39.54  -97.32  0.23E-09
 97  0  35.84  -97.27  0.28E-09
 97  0  35.94  -97.27  0.54E-10
 97  0  36.14  -97.27  0.34E-09
 97  0  36.19  -97.27  0.46E-09
 97  0  36.24  -97.27  0.49E-09
 97  0  36.29  -97.27  0.52E-09
 97  0  36.34  -97.27  0.96E-09
 97  0  36.39  -97.27  0.12E-08
 97  0  36.44  -97.27  0.91E-09
 97  0  36.49  -97.27  0.46E-09
 97  0  36.54  -97.27  0.54E-09
 97  0  36.59  -97.27  0.11E-08
 97  0  36.64  -97.27  0.16E-08
 97  0  36.69  -97.27  0.23E-08
 97  0  36.74  -97.27  0.20E-08
 97  0  36.79  -97.27  0.21E-08
 97  0  36.84  -97.27  0.23E-08
 97  0  36.89  -97.27  0.30E-08
 97  0  36.94  -97.27  0.23E-08
 97  0  36.99  -97.27  0.29E-08
 97  0  37.04  -97.27  0.44E-08
 97  0  37.09  -97.27  0.38E-08
 97  0  37.14  -97.27  0.28E-08
 97  0  37.19  -97.27  0.49E-08
 97  0  37.24  -97.27  0.67E-08
 97  0  37.29  -97.27  0.70E-08
 97  0  37.34  -97.27  0.66E-08
 97  0  37.39  -97.27  0.13E-07
 97  0  37.44  -97.27  0.79E-08
 97  0  37.49  -97.27  0.15E-07
 97  0  37.54  -97.27  0.11E-07
 97  0  37.59  -97.27  0.13E-07
 97  0  37.64  -97.27  0.18E-07
 97  0  37.69  -97.27  0.15E-07
 97  0  37.74  -97.27  0.17E-07
 97  0  37.79  -97.27  0.19E-07
 97  0  37.84  -97.27  0.13E-07
 97  0  37.89  -97.27  0.19E-07
 97  0  37.94  -97.27  0.11E-07
 97  0  37.99  -97.27  0.22E-07
 97  0  38.04  -97.27  0.24E-07
 97  0  38.09  -97.27  0.30E-07
 97  0  38.14  -97.27  0.40E-07
 97  0  38.19  -97.27  0.40E-07
 97  0  38.24  -97.27  0.38E-07
 97  0  38.29  -97.27  0.43E-07
 97  0  38.34  -97.27  0.50E-07
 97  0  38.39  -97.27  0.56E-07
 97  0  38.44  -97.27  0.59E-07
 97  0  38.49  -97.27  0.66E-07
 97  0  38.54  -97.27  0.55E-07
 97  0  38.59  -97.27  0.56E-07
 97  0  38.64  -97.27  0.66E-07
 97  0  38.69  -97.27  0.58E-07
 97  0  38.74  -97.27  0.54E-07
 97  0  38.79  -97.27  0.54E-07
 97  0  38.84  -97.27  0.47E-07
 97  0  38.89  -97.27  0.32E-07
 97  0  38.94  -97.27  0.33E-07
 97  0  38.99  -97.27  0.42E-07
 97  0  39.04  -97.27  0.41E-07
 97  0  39.09  -97.27  0.45E-07
 97  0  39.14  -97.27  0.31E-07
 97  0  39.19  -97.27  0.27E-07
 97  0  39.24  -97.27  0.19E-07
 97  0  39.29  -97.27  0.13E-07
 97  0  39.34  -97.27  0.13E-07
 97  0  39.39  -97.27  0.54E-08
 97  0  39.44  -97.27  0.27E-08
 97  0  39.49  -97.27  0.23E-08
 97  0  35.89  -97.22  0.21E-09
 97  0  35.94  -97.22  0.37E-09
 97  0  35.99  -97.22  0.86E-09
 97  0  36.04  -97.22  0.70E-09
 97  0  36.09  -97.22  0.52E-09
 97  0  36.14  -97.22  0.21E-09
 97  0  36.19  -97.22  0.28E-09
 97  0  36.24  -97.22  0.83E-09
 97  0  36.29  -97.22  0.11E-08
 97  0  36.34  -97.22  0.12E-08
 97  0  36.39  -97.22  0.12E-08
 97  0  36.44  -97.22  0.17E-08
 97  0  36.49  -97.22  0.23E-08
 97  0  36.54  -97.22  0.25E-08
 97  0  36.59  -97.22  0.17E-08
 97  0  36.64  -97.22  0.16E-08
 97  0  36.69  -97.22  0.22E-08
 97  0  36.74  -97.22  0.24E-08
 97  0  36.79  -97.22  0.28E-08
 97  0  36.84  -97.22  0.24E-08
 97  0  36.89  -97.22  0.26E-08
 97  0  36.94  -97.22  0.28E-08
 97  0  36.99  -97.22  0.30E-08
 97  0  37.04  -97.22  0.28E-08
 97  0  37.09  -97.22  0.20E-08
 97  0  37.14  -97.22  0.23E-08
 97  0  37.19  -97.22  0.39E-08
 97  0  37.24  -97.22  0.41E-08
 97  0  37.29  -97.22  0.37E-08
 97  0  37.34  -97.22  0.62E-08
 97  0  37.39  -97.22  0.76E-08
 97  0  37.44  -97.22  0.59E-08
 97  0  37.49  -97.22  0.59E-08
 97  0  37.54  -97.22  0.78E-08
 97  0  37.59  -97.22  0.98E-08
 97  0  37.64  -97.22  0.23E-07
 97  0  37.69  -97.22  0.19E-07
 97  0  37.74  -97.22  0.24E-07
 97  0  37.79  -97.22  0.20E-07
 97  0  37.84  -97.22  0.22E-07
 97  0  37.89  -97.22  0.23E-07
 97  0  37.94  -97.22  0.20E-07
 97  0  37.99  -97.22  0.23E-07
 97  0  38.04  -97.22  0.27E-07
 97  0  38.09  -97.22  0.30E-07
 97  0  38.14  -97.22  0.35E-07
 97  0  38.19  -97.22  0.33E-07
 97  0  38.24  -97.22  0.39E-07
 97  0  38.29  -97.22  0.31E-07
 97  0  38.34  -97.22  0.44E-07
 97  0  38.39  -97.22  0.45E-07
 97  0  38.44  -97.22  0.53E-07
 97  0  38.49  -97.22  0.59E-07
 97  0  38.54  -97.22  0.65E-07
 97  0  38.59  -97.22  0.63E-07
 97  0  38.64  -97.22  0.64E-07
 97  0  38.69  -97.22  0.63E-07
 97  0  38.74  -97.22  0.64E-07
 97  0  38.79  -97.22  0.62E-07
 97  0  38.84  -97.22  0.51E-07
 97  0  38.89  -97.22  0.50E-07
 97  0  38.94  -97.22  0.36E-07
 97  0  38.99  -97.22  0.43E-07
 97  0  39.04  -97.22  0.36E-07
 97  0  39.09  -97.22  0.41E-07
 97  0  39.14  -97.22  0.33E-07
 97  0  39.19  -97.22  0.30E-07
 97  0  39.24  -97.22  0.21E-07
 97  0  39.29  -97.22  0.16E-07
 97  0  39.34  -97.22  0.13E-07
 97  0  39.39  -97.22  0.80E-08
 97  0  39.44  -97.22  0.40E-08
 97  0  39.49  -97.22  0.16E-08
 97  0  35.99  -97.17  0.21E-09
 97  0  36.04  -97.17  0.27E-09
 97  0  36.09  -97.17  0.11E-08
 97  0  36.14  -97.17  0.81E-09
 97  0  36.19  -97.17  0.72E-09
 97  0  36.24  -97.17  0.74E-09
 97  0  36.29  -97.17  0.48E-09
 97  0  36.34  -97.17  0.41E-09
 97  0  36.39  -97.17  0.73E-09
 97  0  36.44  -97.17  0.85E-09
 97  0  36.49  -97.17  0.57E-09
 97  0  36.54  -97.17  0.68E-09
 97  0  36.59  -97.17  0.16E-08
 97  0  36.64  -97.17  0.22E-08
 97  0  36.69  -97.17  0.18E-08
 97  0  36.74  -97.17  0.22E-08
 97  0  36.79  -97.17  0.15E-08
 97  0  36.84  -97.17  0.14E-08
 97  0  36.89  -97.17  0.13E-08
 97  0  36.94  -97.17  0.12E-08
 97  0  36.99  -97.17  0.12E-08
 97  0  37.04  -97.17  0.20E-08
 97  0  37.09  -97.17  0.31E-08
 97  0  37.14  -97.17  0.20E-08
 97  0  37.19  -97.17  0.19E-08
 97  0  37.24  -97.17  0.38E-08
 97  0  37.29  -97.17  0.49E-08
 97  0  37.34  -97.17  0.38E-08
 97  0  37.39  -97.17  0.46E-08
 97  0  37.44  -97.17  0.69E-08
 97  0  37.49  -97.17  0.45E-08
 97  0  37.54  -97.17  0.86E-08
 97  0  37.59  -97.17  0.69E-08
 97  0  37.64  -97.17  0.13E-07
 97  0  37.69  -97.17  0.17E-07
 97  0  37.74  -97.17  0.17E-07
 97  0  37.79  -97.17  0.20E-07
 97  0  37.84  -97.17  0.17E-07
 97  0  37.89  -97.17  0.22E-07
 97  0  37.94  -97.17  0.18E-07
 97  0  37.99  -97.17  0.23E-07
 97  0  38.04  -97.17  0.32E-07
 97  0  38.09  -97.17  0.33E-07
 97  0  38.14  -97.17  0.34E-07
 97  0  38.19  -97.17  0.33E-07
 97  0  38.24  -97.17  0.36E-07
 97  0  38.29  -97.17  0.43E-07
 97  0  38.34  -97.17  0.45E-07
 97  0  38.39  -97.17  0.50E-07
 97  0  38.44  -97.17  0.46E-07
 97  0  38.49  -97.17  0.58E-07
 97  0  38.54  -97.17  0.63E-07
 97  0  38.59  -97.17  0.62E-07
 97  0  38.64  -97.17  0.77E-07
 97  0  38.69  -97.17  0.66E-07
 97  0  38.74  -97.17  0.63E-07
 97  0  38.79  -97.17  0.70E-07
 97  0  38.84  -97.17  0.57E-07
 97  0  38.89  -97.17  0.51E-07
 97  0  38.94  -97.17  0.41E-07
 97  0  38.99  -97.17  0.50E-07
 97  0  39.04  -97.17  0.36E-07
 97  0  39.09  -97.17  0.48E-07
 97  0  39.14  -97.17  0.37E-07
 97  0  39.19  -97.17  0.33E-07
 97  0  39.24  -97.17  0.22E-07
 97  0  39.29  -97.17  0.18E-07
 97  0  39.34  -97.17  0.14E-07
 97  0  39.39  -97.17  0.11E-07
 97  0  39.44  -97.17  0.67E-08
 97  0  39.49  -97.17  0.69E-09
 97  0  35.84  -97.12  0.40E-10
 97  0  35.89  -97.12  0.61E-10
 97  0  35.94  -97.12  0.61E-10
 97  0  35.99  -97.12  0.61E-10
 97  0  36.04  -97.12  0.23E-09
 97  0  36.09  -97.12  0.26E-09
 97  0  36.14  -97.12  0.77E-09
 97  0  36.19  -97.12  0.97E-09
 97  0  36.24  -97.12  0.10E-08
 97  0  36.29  -97.12  0.14E-08
 97  0  36.34  -97.12  0.14E-08
 97  0  36.39  -97.12  0.10E-08
 97  0  36.44  -97.12  0.94E-09
 97  0  36.49  -97.12  0.77E-09
 97  0  36.54  -97.12  0.73E-09
 97  0  36.59  -97.12  0.71E-09
 97  0  36.64  -97.12  0.69E-09
 97  0  36.69  -97.12  0.47E-09
 97  0  36.74  -97.12  0.76E-09
 97  0  36.79  -97.12  0.12E-08
 97  0  36.84  -97.12  0.95E-09
 97  0  36.89  -97.12  0.13E-08
 97  0  36.94  -97.12  0.13E-08
 97  0  36.99  -97.12  0.70E-09
 97  0  37.04  -97.12  0.95E-09
 97  0  37.09  -97.12  0.77E-09
 97  0  37.14  -97.12  0.15E-08
 97  0  37.19  -97.12  0.21E-08
 97  0  37.24  -97.12  0.13E-08
 97  0  37.29  -97.12  0.18E-08
 97  0  37.34  -97.12  0.22E-08
 97  0  37.39  -97.12  0.34E-08
 97  0  37.44  -97.12  0.39E-08
 97  0  37.49  -97.12  0.56E-08
 97  0  37.54  -97.12  0.89E-08
 97  0  37.59  -97.12  0.82E-08
 97  0  37.64  -97.12  0.15E-07
 97  0  37.69  -97.12  0.23E-07
 97  0  37.74  -97.12  0.12E-07
 97  0  37.79  -97.12  0.15E-07
 97  0  37.84  -97.12  0.23E-07
 97  0  37.89  -97.12  0.22E-07
 97  0  37.94  -97.12  0.16E-07
 97  0  37.99  -97.12  0.20E-07
 97  0  38.04  -97.12  0.22E-07
 97  0  38.09  -97.12  0.27E-07
 97  0  38.14  -97.12  0.27E-07
 97  0  38.19  -97.12  0.25E-07
 97  0  38.24  -97.12  0.28E-07
 97  0  38.29  -97.12  0.32E-07
 97  0  38.34  -97.12  0.38E-07
 97  0  38.39  -97.12  0.34E-07
 97  0  38.44  -97.12  0.47E-07
 97  0  38.49  -97.12  0.47E-07
 97  0  38.54  -97.12  0.53E-07
 97  0  38.59  -97.12  0.59E-07
 97  0  38.64  -97.12  0.66E-07
 97  0  38.69  -97.12  0.83E-07
 97  0  38.74  -97.12  0.68E-07
 97  0  38.79  -97.12  0.72E-07
 97  0  38.84  -97.12  0.77E-07
 97  0  38.89  -97.12  0.60E-07
 97  0  38.94  -97.12  0.47E-07
 97  0  38.99  -97.12  0.54E-07
 97  0  39.04  -97.12  0.41E-07
 97  0  39.09  -97.12  0.52E-07
 97  0  39.14  -97.12  0.43E-07
 97  0  39.19  -97.12  0.36E-07
 97  0  39.24  -97.12  0.21E-07
 97  0  39.29  -97.12  0.18E-07
 97  0  39.34  -97.12  0.17E-07
 97  0  39.39  -97.12  0.11E-07
 97  0  39.44  -97.12  0.50E-08
 97  0  39.49  -97.12  0.11E-08
 97  0  36.34  -97.07  0.29E-09
 97  0  36.39  -97.07  0.62E-09
 97  0  36.44  -97.07  0.10E-08
 97  0  36.49  -97.07  0.11E-08
 97  0  36.54  -97.07  0.55E-09
 97  0  36.59  -97.07  0.57E-09
 97  0  36.64  -97.07  0.52E-09
 97  0  36.69  -97.07  0.47E-09
 97  0  36.74  -97.07  0.50E-09
 97  0  36.79  -97.07  0.25E-09
 97  0  36.84  -97.07  0.16E-09
 97  0  36.89  -97.07  0.25E-09
 97  0  36.94  -97.07  0.16E-09
 97  0  36.99  -97.07  0.37E-09
 97  0  37.04  -97.07  0.21E-09
 97  0  37.09  -97.07  0.40E-09
 97  0  37.14  -97.07  0.70E-09
 97  0  37.19  -97.07  0.64E-09
 97  0  37.24  -97.07  0.19E-08
 97  0  37.29  -97.07  0.20E-08
 97  0  37.34  -97.07  0.25E-08
 97  0  37.39  -97.07  0.83E-09
 97  0  37.44  -97.07  0.13E-08
 97  0  37.49  -97.07  0.33E-08
 97  0  37.54  -97.07  0.51E-08
 97  0  37.59  -97.07  0.55E-08
 97  0  37.64  -97.07  0.67E-08
 97  0  37.69  -97.07  0.90E-08
 97  0  37.74  -97.07  0.17E-07
 97  0  37.79  -97.07  0.91E-08
 97  0  37.84  -97.07  0.13E-07
 97  0  37.89  -97.07  0.12E-07
 97  0  37.94  -97.07  0.12E-07
 97  0  37.99  -97.07  0.16E-07
 97  0  38.04  -97.07  0.18E-07
 97  0  38.09  -97.07  0.18E-07
 97  0  38.14  -97.07  0.25E-07
 97  0  38.19  -97.07  0.18E-07
 97  0  38.24  -97.07  0.25E-07
 97  0  38.29  -97.07  0.21E-07
 97  0  38.34  -97.07  0.34E-07
 97  0  38.39  -97.07  0.31E-07
 97  0  38.44  -97.07  0.34E-07
 97  0  38.49  -97.07  0.41E-07
 97  0  38.54  -97.07  0.58E-07
 97  0  38.59  -97.07  0.62E-07
 97  0  38.64  -97.07  0.64E-07
 97  0  38.69  -97.07  0.75E-07
 97  0  38.74  -97.07  0.80E-07
 97  0  38.79  -97.07  0.76E-07
 97  0  38.84  -97.07  0.86E-07
 97  0  38.89  -97.07  0.74E-07
 97  0  38.94  -97.07  0.56E-07
 97  0  38.99  -97.07  0.58E-07
 97  0  39.04  -97.07  0.47E-07
 97  0  39.09  -97.07  0.53E-07
 97  0  39.14  -97.07  0.47E-07
 97  0  39.19  -97.07  0.38E-07
 97  0  39.24  -97.07  0.29E-07
 97  0  39.29  -97.07  0.17E-07
 97  0  39.34  -97.07  0.14E-07
 97  0  39.39  -97.07  0.13E-07
 97  0  39.44  -97.07  0.49E-08
 97  0  39.49  -97.07  0.13E-08
 97  0  36.24  -97.02  0.21E-10
 97  0  36.29  -97.02  0.11E-09
 97  0  36.34  -97.02  0.11E-09
 97  0  36.39  -97.02  0.23E-09
 97  0  36.54  -97.02  0.57E-09
 97  0  36.59  -97.02  0.41E-09
 97  0  36.64  -97.02  0.61E-09
 97  0  36.69  -97.02  0.41E-09
 97  0  36.74  -97.02  0.41E-09
 97  0  36.79  -97.02  0.51E-09
 97  0  36.84  -97.02  0.21E-09
 97  0  36.89  -97.02  0.31E-09
 97  0  36.94  -97.02  0.41E-09
 97  0  36.99  -97.02  0.41E-09
 97  0  37.04  -97.02  0.62E-09
 97  0  37.09  -97.02  0.74E-09
 97  0  37.14  -97.02  0.23E-09
 97  0  37.34  -97.02  0.92E-09
 97  0  37.39  -97.02  0.21E-08
 97  0  37.44  -97.02  0.22E-08
 97  0  37.49  -97.02  0.15E-08
 97  0  37.54  -97.02  0.27E-08
 97  0  37.59  -97.02  0.30E-08
 97  0  37.64  -97.02  0.92E-08
 97  0  37.69  -97.02  0.85E-08
 97  0  37.74  -97.02  0.95E-08
 97  0  37.79  -97.02  0.11E-07
 97  0  37.84  -97.02  0.13E-07
 97  0  37.89  -97.02  0.12E-07
 97  0  37.94  -97.02  0.17E-07
 97  0  37.99  -97.02  0.15E-07
 97  0  38.04  -97.02  0.18E-07
 97  0  38.09  -97.02  0.30E-07
 97  0  38.14  -97.02  0.27E-07
 97  0  38.19  -97.02  0.21E-07
 97  0  38.24  -97.02  0.18E-07
 97  0  38.29  -97.02  0.24E-07
 97  0  38.34  -97.02  0.21E-07
 97  0  38.39  -97.02  0.32E-07
 97  0  38.44  -97.02  0.32E-07
 97  0  38.49  -97.02  0.33E-07
 97  0  38.54  -97.02  0.44E-07
 97  0  38.59  -97.02  0.56E-07
 97  0  38.64  -97.02  0.65E-07
 97  0  38.69  -97.02  0.71E-07
 97  0  38.74  -97.02  0.77E-07
 97  0  38.79  -97.02  0.76E-07
 97  0  38.84  -97.02  0.87E-07
 97  0  38.89  -97.02  0.81E-07
 97  0  38.94  -97.02  0.66E-07
 97  0  38.99  -97.02  0.62E-07
 97  0  39.04  -97.02  0.58E-07
 97  0  39.09  -97.02  0.51E-07
 97  0  39.14  -97.02  0.53E-07
 97  0  39.19  -97.02  0.35E-07
 97  0  39.24  -97.02  0.29E-07
 97  0  39.29  -97.02  0.16E-07
 97  0  39.34  -97.02  0.11E-07
 97  0  39.39  -97.02  0.11E-07
 97  0  39.44  -97.02  0.45E-08
 97  0  36.34  -96.97  0.12E-09
 97  0  36.59  -96.97  0.26E-10
 97  0  36.64  -96.97  0.58E-10
 97  0  36.69  -96.97  0.47E-10
 97  0  36.74  -96.97  0.47E-10
 97  0  36.79  -96.97  0.25E-09
 97  0  36.84  -96.97  0.44E-09
 97  0  36.89  -96.97  0.41E-09
 97  0  36.94  -96.97  0.45E-09
 97  0  36.99  -96.97  0.49E-09
 97  0  37.04  -96.97  0.37E-09
 97  0  37.09  -96.97  0.42E-09
 97  0  37.14  -96.97  0.75E-09
 97  0  37.19  -96.97  0.53E-09
 97  0  37.24  -96.97  0.47E-09
 97  0  37.29  -96.97  0.30E-09
 97  0  37.34  -96.97  0.32E-09
 97  0  37.39  -96.97  0.31E-09
 97  0  37.44  -96.97  0.68E-09
 97  0  37.49  -96.97  0.12E-08
 97  0  37.54  -96.97  0.23E-08
 97  0  37.59  -96.97  0.27E-08
 97  0  37.64  -96.97  0.41E-08
 97  0  37.69  -96.97  0.65E-08
 97  0  37.74  -96.97  0.14E-07
 97  0  37.79  -96.97  0.76E-08
 97  0  37.84  -96.97  0.12E-07
 97  0  37.89  -96.97  0.19E-07
 97  0  37.94  -96.97  0.16E-07
 97  0  37.99  -96.97  0.18E-07
 97  0  38.04  -96.97  0.20E-07
 97  0  38.09  -96.97  0.18E-07
 97  0  38.14  -96.97  0.29E-07
 97  0  38.19  -96.97  0.16E-07
 97  0  38.24  -96.97  0.19E-07
 97  0  38.29  -96.97  0.24E-07
 97  0  38.34  -96.97  0.19E-07
 97  0  38.39  -96.97  0.23E-07
 97  0  38.44  -96.97  0.25E-07
 97  0  38.49  -96.97  0.29E-07
 97  0  38.54  -96.97  0.35E-07
 97  0  38.59  -96.97  0.55E-07
 97  0  38.64  -96.97  0.57E-07
 97  0  38.69  -96.97  0.72E-07
 97  0  38.74  -96.97  0.82E-07
 97  0  38.79  -96.97  0.89E-07
 97  0  38.84  -96.97  0.92E-07
 97  0  38.89  -96.97  0.94E-07
 97  0  38.94  -96.97  0.78E-07
 97  0  38.99  -96.97  0.63E-07
 97  0  39.04  -96.97  0.65E-07
 97  0  39.09  -96.97  0.62E-07
 97  0  39.14  -96.97  0.56E-07
 97  0  39.19  -96.97  0.43E-07
 97  0  39.24  -96.97  0.36E-07
 97  0  39.29  -96.97  0.22E-07
 97  0  39.34  -96.97  0.11E-07
 97  0  39.39  -96.97  0.11E-07
 97  0  39.44  -96.97  0.32E-08
 97  0  35.69  -96.92  0.47E-10
 97  0  35.74  -96.92  0.47E-10
 97  0  35.79  -96.92  0.62E-10
 97  0  35.84  -96.92  0.47E-10
 97  0  35.89  -96.92  0.47E-10
 97  0  36.19  -96.92  0.21E-10
 97  0  36.24  -96.92  0.14E-09
 97  0  36.29  -96.92  0.16E-09
 97  0  36.39  -96.92  0.26E-10
 97  0  36.44  -96.92  0.52E-10
 97  0  36.49  -96.92  0.79E-10
 97  0  36.54  -96.92  0.52E-10
 97  0  36.59  -96.92  0.26E-10
 97  0  36.84  -96.92  0.16E-10
 97  0  36.89  -96.92  0.47E-10
 97  0  36.94  -96.92  0.47E-10
 97  0  36.99  -96.92  0.47E-10
 97  0  37.04  -96.92  0.47E-10
 97  0  37.09  -96.92  0.32E-10
 97  0  37.14  -96.92  0.48E-10
 97  0  37.19  -96.92  0.42E-09
 97  0  37.24  -96.92  0.40E-09
 97  0  37.29  -96.92  0.71E-09
 97  0  37.34  -96.92  0.65E-09
 97  0  37.39  -96.92  0.65E-09
 97  0  37.44  -96.92  0.47E-09
 97  0  37.49  -96.92  0.86E-09
 97  0  37.54  -96.92  0.62E-09
 97  0  37.59  -96.92  0.26E-08
 97  0  37.64  -96.92  0.18E-08
 97  0  37.69  -96.92  0.19E-08
 97  0  37.74  -96.92  0.34E-08
 97  0  37.79  -96.92  0.80E-08
 97  0  37.84  -96.92  0.15E-07
 97  0  37.89  -96.92  0.70E-08
 97  0  37.94  -96.92  0.64E-08
 97  0  37.99  -96.92  0.11E-07
 97  0  38.04  -96.92  0.11E-07
 97  0  38.09  -96.92  0.11E-07
 97  0  38.14  -96.92  0.24E-07
 97  0  38.19  -96.92  0.24E-07
 97  0  38.24  -96.92  0.23E-07
 97  0  38.29  -96.92  0.27E-07
 97  0  38.34  -96.92  0.22E-07
 97  0  38.39  -96.92  0.18E-07
 97  0  38.44  -96.92  0.28E-07
 97  0  38.49  -96.92  0.24E-07
 97  0  38.54  -96.92  0.31E-07
 97  0  38.59  -96.92  0.39E-07
 97  0  38.64  -96.92  0.54E-07
 97  0  38.69  -96.92  0.67E-07
 97  0  38.74  -96.92  0.80E-07
 97  0  38.79  -96.92  0.91E-07
 97  0  38.84  -96.92  0.10E-06
 97  0  38.89  -96.92  0.11E-06
 97  0  38.94  -96.92  0.94E-07
 97  0  38.99  -96.92  0.75E-07
 97  0  39.04  -96.92  0.68E-07
 97  0  39.09  -96.92  0.67E-07
 97  0  39.14  -96.92  0.65E-07
 97  0  39.19  -96.92  0.51E-07
 97  0  39.24  -96.92  0.41E-07
 97  0  39.29  -96.92  0.25E-07
 97  0  39.34  -96.92  0.18E-07
 97  0  39.39  -96.92  0.11E-07
 97  0  39.44  -96.92  0.27E-08
 97  0  35.89  -96.87  0.16E-10
 97  0  35.94  -96.87  0.47E-10
 97  0  35.99  -96.87  0.13E-09
 97  0  36.04  -96.87  0.11E-09
 97  0  36.09  -96.87  0.13E-09
 97  0  36.14  -96.87  0.14E-09
 97  0  36.19  -96.87  0.11E-09
 97  0  36.24  -96.87  0.57E-10
 97  0  36.29  -96.87  0.78E-10
 97  0  36.34  -96.87  0.52E-10
 97  0  36.39  -96.87  0.26E-10
 97  0  37.44  -96.87  0.63E-10
 97  0  37.49  -96.87  0.19E-09
 97  0  37.54  -96.87  0.25E-09
 97  0  37.59  -96.87  0.19E-09
 97  0  37.64  -96.87  0.15E-08
 97  0  37.69  -96.87  0.31E-08
 97  0  37.74  -96.87  0.17E-08
 97  0  37.79  -96.87  0.29E-08
 97  0  37.84  -96.87  0.67E-08
 97  0  37.89  -96.87  0.80E-08
 97  0  37.94  -96.87  0.78E-08
 97  0  37.99  -96.87  0.61E-08
 97  0  38.04  -96.87  0.21E-07
 97  0  38.09  -96.87  0.22E-07
 97  0  38.14  -96.87  0.16E-07
 97  0  38.19  -96.87  0.11E-07
 97  0  38.24  -96.87  0.18E-07
 97  0  38.29  -96.87  0.22E-07
 97  0  38.34  -96.87  0.18E-07
 97  0  38.39  -96.87  0.16E-07
 97  0  38.44  -96.87  0.20E-07
 97  0  38.49  -96.87  0.23E-07
 97  0  38.54  -96.87  0.23E-07
 97  0  38.59  -96.87  0.33E-07
 97  0  38.64  -96.87  0.49E-07
 97  0  38.69  -96.87  0.56E-07
 97  0  38.74  -96.87  0.73E-07
 97  0  38.79  -96.87  0.82E-07
 97  0  38.84  -96.87  0.99E-07
 97  0  38.89  -96.87  0.11E-06
 97  0  38.94  -96.87  0.11E-06
 97  0  38.99  -96.87  0.96E-07
 97  0  39.04  -96.87  0.76E-07
 97  0  39.09  -96.87  0.76E-07
 97  0  39.14  -96.87  0.77E-07
 97  0  39.19  -96.87  0.64E-07
 97  0  39.24  -96.87  0.47E-07
 97  0  39.29  -96.87  0.24E-07
 97  0  39.34  -96.87  0.21E-07
 97  0  39.39  -96.87  0.11E-07
 97  0  39.44  -96.87  0.22E-08
 97  0  37.69  -96.82  0.12E-09
 97  0  37.74  -96.82  0.48E-09
 97  0  37.79  -96.82  0.54E-09
 97  0  37.84  -96.82  0.53E-08
 97  0  37.89  -96.82  0.49E-08
 97  0  37.94  -96.82  0.50E-08
 97  0  37.99  -96.82  0.71E-08
 97  0  38.04  -96.82  0.17E-07
 97  0  38.09  -96.82  0.92E-08
 97  0  38.14  -96.82  0.13E-07
 97  0  38.19  -96.82  0.14E-07
 97  0  38.24  -96.82  0.14E-07
 97  0  38.29  -96.82  0.22E-07
 97  0  38.34  -96.82  0.17E-07
 97  0  38.39  -96.82  0.13E-07
 97  0  38.44  -96.82  0.11E-07
 97  0  38.49  -96.82  0.15E-07
 97  0  38.54  -96.82  0.14E-07
 97  0  38.59  -96.82  0.20E-07
 97  0  38.64  -96.82  0.28E-07
 97  0  38.69  -96.82  0.45E-07
 97  0  38.74  -96.82  0.72E-07
 97  0  38.79  -96.82  0.85E-07
 97  0  38.84  -96.82  0.11E-06
 97  0  38.89  -96.82  0.12E-06
 97  0  38.94  -96.82  0.13E-06
 97  0  38.99  -96.82  0.12E-06
 97  0  39.04  -96.82  0.90E-07
 97  0  39.09  -96.82  0.72E-07
 97  0  39.14  -96.82  0.80E-07
 97  0  39.19  -96.82  0.74E-07
 97  0  39.24  -96.82  0.45E-07
 97  0  39.29  -96.82  0.23E-07
 97  0  39.34  -96.82  0.17E-07
 97  0  39.39  -96.82  0.11E-07
 97  0  39.44  -96.82  0.13E-08
 97  0  37.74  -96.77  0.42E-09
 97  0  37.79  -96.77  0.31E-09
 97  0  37.84  -96.77  0.17E-08
 97  0  37.89  -96.77  0.36E-08
 97  0  37.94  -96.77  0.78E-08
 97  0  37.99  -96.77  0.14E-07
 97  0  38.04  -96.77  0.18E-07
 97  0  38.09  -96.77  0.19E-07
 97  0  38.14  -96.77  0.15E-07
 97  0  38.19  -96.77  0.80E-08
 97  0  38.24  -96.77  0.12E-07
 97  0  38.29  -96.77  0.19E-07
 97  0  38.34  -96.77  0.23E-07
 97  0  38.39  -96.77  0.23E-07
 97  0  38.44  -96.77  0.18E-07
 97  0  38.49  -96.77  0.16E-07
 97  0  38.54  -96.77  0.19E-07
 97  0  38.59  -96.77  0.19E-07
 97  0  38.64  -96.77  0.27E-07
 97  0  38.69  -96.77  0.33E-07
 97  0  38.74  -96.77  0.54E-07
 97  0  38.79  -96.77  0.79E-07
 97  0  38.84  -96.77  0.10E-06
 97  0  38.89  -96.77  0.12E-06
 97  0  38.94  -96.77  0.14E-06
 97  0  38.99  -96.77  0.14E-06
 97  0  39.04  -96.77  0.12E-06
 97  0  39.09  -96.77  0.82E-07
 97  0  39.14  -96.77  0.88E-07
 97  0  39.19  -96.77  0.78E-07
 97  0  39.24  -96.77  0.52E-07
 97  0  39.29  -96.77  0.24E-07
 97  0  39.34  -96.77  0.13E-07
 97  0  39.39  -96.77  0.76E-08
 97  0  39.44  -96.77  0.27E-08
 97  0  37.79  -96.72  0.23E-08
 97  0  37.84  -96.72  0.10E-08
 97  0  37.89  -96.72  0.59E-09
 97  0  37.94  -96.72  0.41E-08
 97  0  37.99  -96.72  0.18E-07
 97  0  38.04  -96.72  0.18E-07
 97  0  38.09  -96.72  0.13E-07
 97  0  38.14  -96.72  0.21E-07
 97  0  38.19  -96.72  0.82E-08
 97  0  38.24  -96.72  0.13E-07
 97  0  38.29  -96.72  0.15E-07
 97  0  38.34  -96.72  0.11E-07
 97  0  38.39  -96.72  0.91E-08
 97  0  38.44  -96.72  0.15E-07
 97  0  38.49  -96.72  0.12E-07
 97  0  38.54  -96.72  0.15E-07
 97  0  38.59  -96.72  0.17E-07
 97  0  38.64  -96.72  0.16E-07
 97  0  38.69  -96.72  0.27E-07
 97  0  38.74  -96.72  0.33E-07
 97  0  38.79  -96.72  0.57E-07
 97  0  38.84  -96.72  0.82E-07
 97  0  38.89  -96.72  0.12E-06
 97  0  38.94  -96.72  0.14E-06
 97  0  38.99  -96.72  0.17E-06
 97  0  39.04  -96.72  0.13E-06
 97  0  39.09  -96.72  0.10E-06
 97  0  39.14  -96.72  0.91E-07
 97  0  39.19  -96.72  0.85E-07
 97  0  39.24  -96.72  0.54E-07
 97  0  39.29  -96.72  0.22E-07
 97  0  39.34  -96.72  0.11E-07
 97  0  39.39  -96.72  0.40E-08
 97  0  39.44  -96.72  0.27E-08
 97  0  37.69  -96.67  0.58E-09
 97  0  37.74  -96.67  0.58E-09
 97  0  37.94  -96.67  0.23E-08
 97  0  37.99  -96.67  0.15E-08
 97  0  38.04  -96.67  0.89E-08
 97  0  38.09  -96.67  0.12E-07
 97  0  38.14  -96.67  0.16E-07
 97  0  38.19  -96.67  0.23E-07
 97  0  38.24  -96.67  0.78E-08
 97  0  38.29  -96.67  0.64E-08
 97  0  38.34  -96.67  0.45E-08
 97  0  38.39  -96.67  0.49E-08
 97  0  38.44  -96.67  0.61E-08
 97  0  38.49  -96.67  0.43E-08
 97  0  38.54  -96.67  0.43E-08
 97  0  38.59  -96.67  0.51E-08
 97  0  38.64  -96.67  0.64E-08
 97  0  38.69  -96.67  0.10E-07
 97  0  38.74  -96.67  0.19E-07
 97  0  38.79  -96.67  0.33E-07
 97  0  38.84  -96.67  0.59E-07
 97  0  38.89  -96.67  0.97E-07
 97  0  38.94  -96.67  0.13E-06
 97  0  38.99  -96.67  0.16E-06
 97  0  39.04  -96.67  0.17E-06
 97  0  39.09  -96.67  0.13E-06
 97  0  39.14  -96.67  0.96E-07
 97  0  39.19  -96.67  0.96E-07
 97  0  39.24  -96.67  0.60E-07
 97  0  39.29  -96.67  0.19E-07
 97  0  39.34  -96.67  0.94E-08
 97  0  39.39  -96.67  0.19E-08
 97  0  39.44  -96.67  0.53E-09
 97  0  37.74  -96.62  0.68E-09
 97  0  37.79  -96.62  0.29E-09
 97  0  37.84  -96.62  0.13E-08
 97  0  37.89  -96.62  0.22E-08
 97  0  37.94  -96.62  0.14E-08
 97  0  37.99  -96.62  0.14E-08
 97  0  38.04  -96.62  0.69E-09
 97  0  38.09  -96.62  0.26E-08
 97  0  38.14  -96.62  0.30E-08
 97  0  38.19  -96.62  0.13E-07
 97  0  38.24  -96.62  0.14E-07
 97  0  38.29  -96.62  0.62E-08
 97  0  38.34  -96.62  0.45E-08
 97  0  38.39  -96.62  0.40E-08
 97  0  38.44  -96.62  0.70E-08
 97  0  38.49  -96.62  0.76E-08
 97  0  38.54  -96.62  0.67E-08
 97  0  38.59  -96.62  0.66E-08
 97  0  38.64  -96.62  0.57E-08
 97  0  38.69  -96.62  0.42E-08
 97  0  38.74  -96.62  0.80E-08
 97  0  38.79  -96.62  0.15E-07
 97  0  38.84  -96.62  0.33E-07
 97  0  38.89  -96.62  0.74E-07
 97  0  38.94  -96.62  0.12E-06
 97  0  38.99  -96.62  0.16E-06
 97  0  39.04  -96.62  0.20E-06
 97  0  39.09  -96.62  0.17E-06
 97  0  39.14  -96.62  0.12E-06
 97  0  39.19  -96.62  0.11E-06
 97  0  39.24  -96.62  0.64E-07
 97  0  39.29  -96.62  0.21E-07
 97  0  39.34  -96.62  0.59E-08
 97  0  39.39  -96.62  0.40E-09
 97  0  37.79  -96.57  0.13E-08
 97  0  37.84  -96.57  0.51E-09
 97  0  37.89  -96.57  0.13E-08
 97  0  37.99  -96.57  0.39E-09
 97  0  38.04  -96.57  0.59E-09
 97  0  38.09  -96.57  0.10E-08
 97  0  38.14  -96.57  0.33E-08
 97  0  38.19  -96.57  0.47E-08
 97  0  38.24  -96.57  0.61E-08
 97  0  38.29  -96.57  0.35E-08
 97  0  38.34  -96.57  0.27E-08
 97  0  38.39  -96.57  0.22E-08
 97  0  38.44  -96.57  0.26E-08
 97  0  38.49  -96.57  0.18E-08
 97  0  38.54  -96.57  0.18E-08
 97  0  38.59  -96.57  0.15E-08
 97  0  38.64  -96.57  0.30E-08
 97  0  38.69  -96.57  0.43E-08
 97  0  38.74  -96.57  0.51E-08
 97  0  38.79  -96.57  0.75E-08
 97  0  38.84  -96.57  0.17E-07
 97  0  38.89  -96.57  0.40E-07
 97  0  38.94  -96.57  0.90E-07
 97  0  38.99  -96.57  0.15E-06
 97  0  39.04  -96.57  0.20E-06
 97  0  39.09  -96.57  0.21E-06
 97  0  39.14  -96.57  0.15E-06
 97  0  39.19  -96.57  0.13E-06
 97  0  39.24  -96.57  0.76E-07
 97  0  39.29  -96.57  0.19E-07
 97  0  39.34  -96.57  0.38E-08
 97  0  37.79  -96.52  0.19E-09
 97  0  37.84  -96.52  0.19E-08
 97  0  37.89  -96.52  0.82E-09
 97  0  38.04  -96.52  0.24E-08
 97  0  38.09  -96.52  0.37E-08
 97  0  38.14  -96.52  0.43E-08
 97  0  38.19  -96.52  0.23E-08
 97  0  38.29  -96.52  0.79E-09
 97  0  38.34  -96.52  0.99E-09
 97  0  38.39  -96.52  0.99E-09
 97  0  38.44  -96.52  0.79E-09
 97  0  38.49  -96.52  0.11E-08
 97  0  38.54  -96.52  0.19E-08
 97  0  38.59  -96.52  0.14E-08
 97  0  38.64  -96.52  0.11E-08
 97  0  38.69  -96.52  0.23E-08
 97  0  38.74  -96.52  0.20E-08
 97  0  38.79  -96.52  0.37E-08
 97  0  38.84  -96.52  0.65E-08
 97  0  38.89  -96.52  0.17E-07
 97  0  38.94  -96.52  0.50E-07
 97  0  38.99  -96.52  0.12E-06
 97  0  39.04  -96.52  0.19E-06
 97  0  39.09  -96.52  0.25E-06
 97  0  39.14  -96.52  0.19E-06
 97  0  39.19  -96.52  0.15E-06
 97  0  39.24  -96.52  0.90E-07
 97  0  39.29  -96.52  0.20E-07
 97  0  39.34  -96.52  0.13E-08
 97  0  37.64  -96.47  0.11E-08
 97  0  37.69  -96.47  0.15E-08
 97  0  37.74  -96.47  0.17E-08
 97  0  37.79  -96.47  0.21E-08
 97  0  37.84  -96.47  0.12E-08
 97  0  37.89  -96.47  0.14E-08
 97  0  37.94  -96.47  0.16E-08
 97  0  37.99  -96.47  0.25E-08
 97  0  38.04  -96.47  0.26E-08
 97  0  38.09  -96.47  0.19E-08
 97  0  38.64  -96.47  0.79E-09
 97  0  38.69  -96.47  0.61E-09
 97  0  38.74  -96.47  0.11E-08
 97  0  38.79  -96.47  0.16E-08
 97  0  38.84  -96.47  0.32E-08
 97  0  38.89  -96.47  0.65E-08
 97  0  38.94  -96.47  0.24E-07
 97  0  38.99  -96.47  0.71E-07
 97  0  39.04  -96.47  0.16E-06
 97  0  39.09  -96.47  0.28E-06
 97  0  39.14  -96.47  0.26E-06
 97  0  39.19  -96.47  0.18E-06
 97  0  39.24  -96.47  0.11E-06
 97  0  39.29  -96.47  0.19E-07
 97  0  39.34  -96.47  0.69E-09
 97  0  37.89  -96.42  0.15E-09
 97  0  37.94  -96.42  0.15E-08
 97  0  37.99  -96.42  0.98E-09
 97  0  38.04  -96.42  0.17E-09
 97  0  38.69  -96.42  0.32E-09
 97  0  38.74  -96.42  0.41E-09
 97  0  38.79  -96.42  0.11E-08
 97  0  38.84  -96.42  0.10E-08
 97  0  38.89  -96.42  0.31E-08
 97  0  38.94  -96.42  0.86E-08
 97  0  38.99  -96.42  0.28E-07
 97  0  39.04  -96.42  0.11E-06
 97  0  39.09  -96.42  0.25E-06
 97  0  39.14  -96.42  0.35E-06
 97  0  39.19  -96.42  0.24E-06
 97  0  39.24  -96.42  0.14E-06
 97  0  39.29  -96.42  0.15E-07
 97  0  39.34  -96.42  0.31E-09
 97  0  38.84  -96.37  0.54E-09
 97  0  38.89  -96.37  0.98E-09
 97  0  38.94  -96.37  0.29E-08
 97  0  38.99  -96.37  0.90E-08
 97  0  39.04  -96.37  0.38E-07
 97  0  39.09  -96.37  0.17E-06
 97  0  39.14  -96.37  0.40E-06
 97  0  39.19  -96.37  0.34E-06
 97  0  39.24  -96.37  0.19E-06
 97  0  39.29  -96.37  0.14E-07
 97  0  38.94  -96.32  0.35E-09
 97  0  38.99  -96.32  0.15E-08
 97  0  39.04  -96.32  0.10E-07
 97  0  39.09  -96.32  0.64E-07
 97  0  39.14  -96.32  0.34E-06
 97  0  39.19  -96.32  0.53E-06
 97  0  39.24  -96.32  0.28E-06
 97  0  39.29  -96.32  0.13E-07
 97  0  38.99  -96.27  0.83E-09
 97  0  39.04  -96.27  0.96E-10
 97  0  39.09  -96.27  0.74E-08
 97  0  39.14  -96.27  0.11E-06
 97  0  39.19  -96.27  0.69E-06
 97  0  39.24  -96.27  0.47E-06
 97  0  39.29  -96.27  0.25E-07
 97  0  38.99  -96.22  0.30E-09
 97  0  39.04  -96.22  0.12E-08
 97  0  39.09  -96.22  0.59E-09
 97  0  39.14  -96.22  0.39E-08
 97  0  39.19  -96.22  0.31E-06
 97  0  39.24  -96.22  0.10E-05
 97  0  39.29  -96.22  0.10E-06
 97  0  39.19  -96.17  0.10E-08
 97  0  39.24  -96.17  0.11E-05
 97  0  39.29  -96.17  0.45E-06
 97  0  39.29  -96.12  0.89E-06
