DAY HR    LAT     LON CO2 10000
306  0  38.34  -97.02  0.14E-08
306  0  38.39  -97.02  0.15E-08
306  0  38.44  -97.02  0.84E-09
306  0  38.49  -97.02  0.48E-09
306  0  38.54  -97.02  0.13E-08
306  0  38.59  -97.02  0.19E-08
306  0  38.64  -97.02  0.37E-08
306  0  38.69  -97.02  0.23E-08
306  0  38.74  -97.02  0.19E-08
306  0  38.79  -97.02  0.15E-08
306  0  38.84  -97.02  0.50E-09
306  0  38.89  -97.02  0.13E-08
306  0  38.94  -97.02  0.18E-08
306  0  38.99  -97.02  0.16E-08
306  0  39.04  -97.02  0.15E-08
306  0  39.09  -97.02  0.15E-08
306  0  39.14  -97.02  0.15E-08
306  0  39.19  -97.02  0.12E-08
306  0  38.29  -96.97  0.46E-09
306  0  38.34  -96.97  0.17E-08
306  0  38.39  -96.97  0.13E-08
306  0  38.44  -96.97  0.13E-08
306  0  38.49  -96.97  0.20E-08
306  0  38.54  -96.97  0.37E-08
306  0  38.59  -96.97  0.15E-08
306  0  38.64  -96.97  0.29E-08
306  0  38.69  -96.97  0.21E-08
306  0  38.74  -96.97  0.28E-08
306  0  38.79  -96.97  0.37E-08
306  0  38.84  -96.97  0.87E-08
306  0  38.89  -96.97  0.93E-08
306  0  38.94  -96.97  0.10E-07
306  0  38.99  -96.97  0.72E-08
306  0  39.04  -96.97  0.58E-08
306  0  39.09  -96.97  0.69E-08
306  0  39.14  -96.97  0.51E-08
306  0  39.19  -96.97  0.49E-08
306  0  39.24  -96.97  0.16E-08
306  0  38.09  -96.92  0.20E-09
306  0  38.14  -96.92  0.96E-09
306  0  38.19  -96.92  0.15E-08
306  0  38.24  -96.92  0.22E-08
306  0  38.29  -96.92  0.32E-08
306  0  38.34  -96.92  0.46E-08
306  0  38.39  -96.92  0.58E-08
306  0  38.44  -96.92  0.51E-08
306  0  38.49  -96.92  0.56E-08
306  0  38.54  -96.92  0.66E-08
306  0  38.59  -96.92  0.52E-08
306  0  38.64  -96.92  0.61E-08
306  0  38.69  -96.92  0.77E-08
306  0  38.74  -96.92  0.46E-08
306  0  38.79  -96.92  0.43E-08
306  0  38.84  -96.92  0.78E-08
306  0  38.89  -96.92  0.50E-08
306  0  38.94  -96.92  0.41E-08
306  0  38.99  -96.92  0.47E-08
306  0  39.04  -96.92  0.59E-08
306  0  39.09  -96.92  0.62E-08
306  0  39.14  -96.92  0.90E-08
306  0  39.19  -96.92  0.12E-07
306  0  39.24  -96.92  0.87E-08
306  0  39.29  -96.92  0.17E-08
306  0  37.84  -96.87  0.51E-09
306  0  37.89  -96.87  0.44E-09
306  0  37.94  -96.87  0.44E-09
306  0  37.99  -96.87  0.11E-08
306  0  38.04  -96.87  0.18E-08
306  0  38.09  -96.87  0.31E-08
306  0  38.14  -96.87  0.27E-08
306  0  38.19  -96.87  0.51E-08
306  0  38.24  -96.87  0.52E-08
306  0  38.29  -96.87  0.69E-08
306  0  38.34  -96.87  0.49E-08
306  0  38.39  -96.87  0.47E-08
306  0  38.44  -96.87  0.58E-08
306  0  38.49  -96.87  0.55E-08
306  0  38.54  -96.87  0.49E-08
306  0  38.59  -96.87  0.52E-08
306  0  38.64  -96.87  0.81E-08
306  0  38.69  -96.87  0.84E-08
306  0  38.74  -96.87  0.92E-08
306  0  38.79  -96.87  0.95E-08
306  0  38.84  -96.87  0.12E-07
306  0  38.89  -96.87  0.11E-07
306  0  38.94  -96.87  0.12E-07
306  0  38.99  -96.87  0.15E-07
306  0  39.04  -96.87  0.17E-07
306  0  39.09  -96.87  0.18E-07
306  0  39.14  -96.87  0.17E-07
306  0  39.19  -96.87  0.20E-07
306  0  39.24  -96.87  0.10E-07
306  0  39.29  -96.87  0.59E-08
306  0  37.69  -96.82  0.29E-09
306  0  37.74  -96.82  0.58E-09
306  0  37.79  -96.82  0.51E-09
306  0  37.89  -96.82  0.56E-09
306  0  37.94  -96.82  0.24E-08
306  0  37.99  -96.82  0.30E-08
306  0  38.04  -96.82  0.21E-08
306  0  38.09  -96.82  0.16E-08
306  0  38.14  -96.82  0.41E-08
306  0  38.19  -96.82  0.23E-08
306  0  38.24  -96.82  0.28E-08
306  0  38.29  -96.82  0.72E-08
306  0  38.34  -96.82  0.57E-08
306  0  38.39  -96.82  0.12E-07
306  0  38.44  -96.82  0.12E-07
306  0  38.49  -96.82  0.13E-07
306  0  38.54  -96.82  0.96E-08
306  0  38.59  -96.82  0.10E-07
306  0  38.64  -96.82  0.11E-07
306  0  38.69  -96.82  0.11E-07
306  0  38.74  -96.82  0.10E-07
306  0  38.79  -96.82  0.10E-07
306  0  38.84  -96.82  0.13E-07
306  0  38.89  -96.82  0.16E-07
306  0  38.94  -96.82  0.18E-07
306  0  38.99  -96.82  0.19E-07
306  0  39.04  -96.82  0.22E-07
306  0  39.09  -96.82  0.26E-07
306  0  39.14  -96.82  0.31E-07
306  0  39.19  -96.82  0.30E-07
306  0  39.24  -96.82  0.28E-07
306  0  39.29  -96.82  0.67E-08
306  0  37.64  -96.77  0.58E-09
306  0  37.69  -96.77  0.36E-09
306  0  37.74  -96.77  0.26E-09
306  0  37.79  -96.77  0.69E-09
306  0  37.84  -96.77  0.11E-08
306  0  37.89  -96.77  0.14E-08
306  0  37.94  -96.77  0.37E-08
306  0  37.99  -96.77  0.20E-08
306  0  38.04  -96.77  0.29E-08
306  0  38.09  -96.77  0.42E-08
306  0  38.14  -96.77  0.43E-08
306  0  38.19  -96.77  0.62E-08
306  0  38.24  -96.77  0.50E-08
306  0  38.29  -96.77  0.12E-07
306  0  38.34  -96.77  0.10E-07
306  0  38.39  -96.77  0.14E-07
306  0  38.44  -96.77  0.13E-07
306  0  38.49  -96.77  0.18E-07
306  0  38.54  -96.77  0.15E-07
306  0  38.59  -96.77  0.13E-07
306  0  38.64  -96.77  0.13E-07
306  0  38.69  -96.77  0.18E-07
306  0  38.74  -96.77  0.16E-07
306  0  38.79  -96.77  0.16E-07
306  0  38.84  -96.77  0.20E-07
306  0  38.89  -96.77  0.24E-07
306  0  38.94  -96.77  0.27E-07
306  0  38.99  -96.77  0.28E-07
306  0  39.04  -96.77  0.27E-07
306  0  39.09  -96.77  0.29E-07
306  0  39.14  -96.77  0.29E-07
306  0  39.19  -96.77  0.50E-07
306  0  39.24  -96.77  0.52E-07
306  0  39.29  -96.77  0.90E-08
306  0  37.59  -96.72  0.58E-09
306  0  37.64  -96.72  0.42E-09
306  0  37.69  -96.72  0.61E-09
306  0  37.74  -96.72  0.80E-09
306  0  37.79  -96.72  0.40E-09
306  0  37.84  -96.72  0.11E-08
306  0  37.89  -96.72  0.34E-08
306  0  37.94  -96.72  0.25E-08
306  0  37.99  -96.72  0.31E-08
306  0  38.04  -96.72  0.25E-08
306  0  38.09  -96.72  0.45E-08
306  0  38.14  -96.72  0.51E-08
306  0  38.19  -96.72  0.64E-08
306  0  38.24  -96.72  0.74E-08
306  0  38.29  -96.72  0.15E-07
306  0  38.34  -96.72  0.14E-07
306  0  38.39  -96.72  0.16E-07
306  0  38.44  -96.72  0.14E-07
306  0  38.49  -96.72  0.15E-07
306  0  38.54  -96.72  0.12E-07
306  0  38.59  -96.72  0.12E-07
306  0  38.64  -96.72  0.15E-07
306  0  38.69  -96.72  0.21E-07
306  0  38.74  -96.72  0.21E-07
306  0  38.79  -96.72  0.23E-07
306  0  38.84  -96.72  0.28E-07
306  0  38.89  -96.72  0.32E-07
306  0  38.94  -96.72  0.35E-07
306  0  38.99  -96.72  0.39E-07
306  0  39.04  -96.72  0.42E-07
306  0  39.09  -96.72  0.43E-07
306  0  39.14  -96.72  0.46E-07
306  0  39.19  -96.72  0.64E-07
306  0  39.24  -96.72  0.77E-07
306  0  39.29  -96.72  0.20E-07
306  0  37.49  -96.67  0.18E-09
306  0  37.54  -96.67  0.81E-09
306  0  37.59  -96.67  0.86E-09
306  0  37.64  -96.67  0.95E-09
306  0  37.69  -96.67  0.77E-09
306  0  37.74  -96.67  0.57E-09
306  0  37.79  -96.67  0.16E-08
306  0  37.84  -96.67  0.38E-08
306  0  37.89  -96.67  0.39E-08
306  0  37.94  -96.67  0.37E-08
306  0  37.99  -96.67  0.50E-08
306  0  38.04  -96.67  0.72E-08
306  0  38.09  -96.67  0.71E-08
306  0  38.14  -96.67  0.57E-08
306  0  38.19  -96.67  0.88E-08
306  0  38.24  -96.67  0.16E-07
306  0  38.29  -96.67  0.16E-07
306  0  38.34  -96.67  0.15E-07
306  0  38.39  -96.67  0.20E-07
306  0  38.44  -96.67  0.15E-07
306  0  38.49  -96.67  0.20E-07
306  0  38.54  -96.67  0.14E-07
306  0  38.59  -96.67  0.17E-07
306  0  38.64  -96.67  0.20E-07
306  0  38.69  -96.67  0.23E-07
306  0  38.74  -96.67  0.25E-07
306  0  38.79  -96.67  0.25E-07
306  0  38.84  -96.67  0.31E-07
306  0  38.89  -96.67  0.34E-07
306  0  38.94  -96.67  0.36E-07
306  0  38.99  -96.67  0.37E-07
306  0  39.04  -96.67  0.38E-07
306  0  39.09  -96.67  0.45E-07
306  0  39.14  -96.67  0.50E-07
306  0  39.19  -96.67  0.73E-07
306  0  39.24  -96.67  0.13E-06
306  0  39.29  -96.67  0.27E-07
306  0  37.34  -96.62  0.45E-10
306  0  37.39  -96.62  0.22E-09
306  0  37.44  -96.62  0.18E-09
306  0  37.49  -96.62  0.56E-09
306  0  37.54  -96.62  0.12E-08
306  0  37.59  -96.62  0.61E-09
306  0  37.64  -96.62  0.16E-09
306  0  37.69  -96.62  0.12E-08
306  0  37.74  -96.62  0.17E-08
306  0  37.79  -96.62  0.29E-08
306  0  37.84  -96.62  0.60E-08
306  0  37.89  -96.62  0.41E-08
306  0  37.94  -96.62  0.51E-08
306  0  37.99  -96.62  0.48E-08
306  0  38.04  -96.62  0.75E-08
306  0  38.09  -96.62  0.64E-08
306  0  38.14  -96.62  0.86E-08
306  0  38.19  -96.62  0.17E-07
306  0  38.24  -96.62  0.12E-07
306  0  38.29  -96.62  0.17E-07
306  0  38.34  -96.62  0.18E-07
306  0  38.39  -96.62  0.18E-07
306  0  38.44  -96.62  0.22E-07
306  0  38.49  -96.62  0.24E-07
306  0  38.54  -96.62  0.27E-07
306  0  38.59  -96.62  0.25E-07
306  0  38.64  -96.62  0.30E-07
306  0  38.69  -96.62  0.29E-07
306  0  38.74  -96.62  0.34E-07
306  0  38.79  -96.62  0.35E-07
306  0  38.84  -96.62  0.38E-07
306  0  38.89  -96.62  0.43E-07
306  0  38.94  -96.62  0.45E-07
306  0  38.99  -96.62  0.45E-07
306  0  39.04  -96.62  0.52E-07
306  0  39.09  -96.62  0.59E-07
306  0  39.14  -96.62  0.68E-07
306  0  39.19  -96.62  0.91E-07
306  0  39.24  -96.62  0.15E-06
306  0  39.29  -96.62  0.37E-07
306  0  37.29  -96.57  0.22E-09
306  0  37.34  -96.57  0.13E-09
306  0  37.44  -96.57  0.30E-09
306  0  37.49  -96.57  0.14E-08
306  0  37.54  -96.57  0.38E-09
306  0  37.59  -96.57  0.56E-09
306  0  37.64  -96.57  0.20E-08
306  0  37.69  -96.57  0.18E-08
306  0  37.74  -96.57  0.36E-08
306  0  37.79  -96.57  0.61E-08
306  0  37.84  -96.57  0.39E-08
306  0  37.89  -96.57  0.70E-08
306  0  37.94  -96.57  0.81E-08
306  0  37.99  -96.57  0.88E-08
306  0  38.04  -96.57  0.71E-08
306  0  38.09  -96.57  0.72E-08
306  0  38.14  -96.57  0.12E-07
306  0  38.19  -96.57  0.15E-07
306  0  38.24  -96.57  0.19E-07
306  0  38.29  -96.57  0.12E-07
306  0  38.34  -96.57  0.17E-07
306  0  38.39  -96.57  0.21E-07
306  0  38.44  -96.57  0.23E-07
306  0  38.49  -96.57  0.21E-07
306  0  38.54  -96.57  0.22E-07
306  0  38.59  -96.57  0.27E-07
306  0  38.64  -96.57  0.30E-07
306  0  38.69  -96.57  0.33E-07
306  0  38.74  -96.57  0.35E-07
306  0  38.79  -96.57  0.36E-07
306  0  38.84  -96.57  0.42E-07
306  0  38.89  -96.57  0.57E-07
306  0  38.94  -96.57  0.54E-07
306  0  38.99  -96.57  0.58E-07
306  0  39.04  -96.57  0.68E-07
306  0  39.09  -96.57  0.72E-07
306  0  39.14  -96.57  0.84E-07
306  0  39.19  -96.57  0.13E-06
306  0  39.24  -96.57  0.22E-06
306  0  39.29  -96.57  0.40E-07
306  0  37.19  -96.52  0.89E-10
306  0  37.24  -96.52  0.18E-09
306  0  37.29  -96.52  0.51E-10
306  0  37.34  -96.52  0.35E-09
306  0  37.39  -96.52  0.55E-09
306  0  37.44  -96.52  0.24E-08
306  0  37.49  -96.52  0.10E-08
306  0  37.54  -96.52  0.14E-08
306  0  37.59  -96.52  0.22E-08
306  0  37.64  -96.52  0.24E-08
306  0  37.69  -96.52  0.43E-08
306  0  37.74  -96.52  0.42E-08
306  0  37.79  -96.52  0.40E-08
306  0  37.84  -96.52  0.48E-08
306  0  37.89  -96.52  0.84E-08
306  0  37.94  -96.52  0.92E-08
306  0  37.99  -96.52  0.64E-08
306  0  38.04  -96.52  0.85E-08
306  0  38.09  -96.52  0.12E-07
306  0  38.14  -96.52  0.14E-07
306  0  38.19  -96.52  0.16E-07
306  0  38.24  -96.52  0.17E-07
306  0  38.29  -96.52  0.12E-07
306  0  38.34  -96.52  0.17E-07
306  0  38.39  -96.52  0.25E-07
306  0  38.44  -96.52  0.24E-07
306  0  38.49  -96.52  0.17E-07
306  0  38.54  -96.52  0.32E-07
306  0  38.59  -96.52  0.32E-07
306  0  38.64  -96.52  0.31E-07
306  0  38.69  -96.52  0.35E-07
306  0  38.74  -96.52  0.35E-07
306  0  38.79  -96.52  0.43E-07
306  0  38.84  -96.52  0.43E-07
306  0  38.89  -96.52  0.54E-07
306  0  38.94  -96.52  0.59E-07
306  0  38.99  -96.52  0.57E-07
306  0  39.04  -96.52  0.64E-07
306  0  39.09  -96.52  0.60E-07
306  0  39.14  -96.52  0.66E-07
306  0  39.19  -96.52  0.13E-06
306  0  39.24  -96.52  0.29E-06
306  0  39.29  -96.52  0.54E-07
306  0  37.14  -96.47  0.13E-09
306  0  37.19  -96.47  0.39E-09
306  0  37.24  -96.47  0.35E-09
306  0  37.29  -96.47  0.30E-09
306  0  37.34  -96.47  0.59E-09
306  0  37.39  -96.47  0.10E-08
306  0  37.44  -96.47  0.14E-08
306  0  37.49  -96.47  0.12E-08
306  0  37.54  -96.47  0.24E-08
306  0  37.59  -96.47  0.29E-08
306  0  37.64  -96.47  0.34E-08
306  0  37.69  -96.47  0.35E-08
306  0  37.74  -96.47  0.42E-08
306  0  37.79  -96.47  0.58E-08
306  0  37.84  -96.47  0.91E-08
306  0  37.89  -96.47  0.11E-07
306  0  37.94  -96.47  0.58E-08
306  0  37.99  -96.47  0.65E-08
306  0  38.04  -96.47  0.95E-08
306  0  38.09  -96.47  0.92E-08
306  0  38.14  -96.47  0.12E-07
306  0  38.19  -96.47  0.13E-07
306  0  38.24  -96.47  0.12E-07
306  0  38.29  -96.47  0.10E-07
306  0  38.34  -96.47  0.18E-07
306  0  38.39  -96.47  0.29E-07
306  0  38.44  -96.47  0.28E-07
306  0  38.49  -96.47  0.35E-07
306  0  38.54  -96.47  0.41E-07
306  0  38.59  -96.47  0.43E-07
306  0  38.64  -96.47  0.36E-07
306  0  38.69  -96.47  0.48E-07
306  0  38.74  -96.47  0.45E-07
306  0  38.79  -96.47  0.49E-07
306  0  38.84  -96.47  0.53E-07
306  0  38.89  -96.47  0.59E-07
306  0  38.94  -96.47  0.64E-07
306  0  38.99  -96.47  0.66E-07
306  0  39.04  -96.47  0.71E-07
306  0  39.09  -96.47  0.84E-07
306  0  39.14  -96.47  0.91E-07
306  0  39.19  -96.47  0.13E-06
306  0  39.24  -96.47  0.34E-06
306  0  39.29  -96.47  0.59E-07
306  0  37.09  -96.42  0.34E-09
306  0  37.14  -96.42  0.49E-09
306  0  37.19  -96.42  0.10E-09
306  0  37.24  -96.42  0.54E-09
306  0  37.29  -96.42  0.11E-08
306  0  37.34  -96.42  0.15E-08
306  0  37.39  -96.42  0.11E-08
306  0  37.44  -96.42  0.95E-09
306  0  37.49  -96.42  0.25E-08
306  0  37.54  -96.42  0.17E-08
306  0  37.59  -96.42  0.35E-08
306  0  37.64  -96.42  0.40E-08
306  0  37.69  -96.42  0.53E-08
306  0  37.74  -96.42  0.63E-08
306  0  37.79  -96.42  0.69E-08
306  0  37.84  -96.42  0.11E-07
306  0  37.89  -96.42  0.96E-08
306  0  37.94  -96.42  0.79E-08
306  0  37.99  -96.42  0.11E-07
306  0  38.04  -96.42  0.12E-07
306  0  38.09  -96.42  0.14E-07
306  0  38.14  -96.42  0.14E-07
306  0  38.19  -96.42  0.14E-07
306  0  38.24  -96.42  0.19E-07
306  0  38.29  -96.42  0.20E-07
306  0  38.34  -96.42  0.33E-07
306  0  38.39  -96.42  0.28E-07
306  0  38.44  -96.42  0.28E-07
306  0  38.49  -96.42  0.33E-07
306  0  38.54  -96.42  0.36E-07
306  0  38.59  -96.42  0.39E-07
306  0  38.64  -96.42  0.37E-07
306  0  38.69  -96.42  0.48E-07
306  0  38.74  -96.42  0.44E-07
306  0  38.79  -96.42  0.56E-07
306  0  38.84  -96.42  0.58E-07
306  0  38.89  -96.42  0.68E-07
306  0  38.94  -96.42  0.69E-07
306  0  38.99  -96.42  0.73E-07
306  0  39.04  -96.42  0.74E-07
306  0  39.09  -96.42  0.80E-07
306  0  39.14  -96.42  0.93E-07
306  0  39.19  -96.42  0.13E-06
306  0  39.24  -96.42  0.41E-06
306  0  39.29  -96.42  0.73E-07
306  0  37.04  -96.37  0.22E-08
306  0  37.09  -96.37  0.69E-09
306  0  37.14  -96.37  0.48E-09
306  0  37.19  -96.37  0.99E-09
306  0  37.24  -96.37  0.95E-09
306  0  37.29  -96.37  0.11E-08
306  0  37.34  -96.37  0.59E-09
306  0  37.39  -96.37  0.19E-08
306  0  37.44  -96.37  0.26E-08
306  0  37.49  -96.37  0.17E-08
306  0  37.54  -96.37  0.38E-08
306  0  37.59  -96.37  0.59E-08
306  0  37.64  -96.37  0.71E-08
306  0  37.69  -96.37  0.78E-08
306  0  37.74  -96.37  0.89E-08
306  0  37.79  -96.37  0.10E-07
306  0  37.84  -96.37  0.10E-07
306  0  37.89  -96.37  0.86E-08
306  0  37.94  -96.37  0.80E-08
306  0  37.99  -96.37  0.84E-08
306  0  38.04  -96.37  0.10E-07
306  0  38.09  -96.37  0.13E-07
306  0  38.14  -96.37  0.14E-07
306  0  38.19  -96.37  0.15E-07
306  0  38.24  -96.37  0.24E-07
306  0  38.29  -96.37  0.32E-07
306  0  38.34  -96.37  0.35E-07
306  0  38.39  -96.37  0.30E-07
306  0  38.44  -96.37  0.38E-07
306  0  38.49  -96.37  0.43E-07
306  0  38.54  -96.37  0.40E-07
306  0  38.59  -96.37  0.45E-07
306  0  38.64  -96.37  0.41E-07
306  0  38.69  -96.37  0.43E-07
306  0  38.74  -96.37  0.41E-07
306  0  38.79  -96.37  0.59E-07
306  0  38.84  -96.37  0.64E-07
306  0  38.89  -96.37  0.75E-07
306  0  38.94  -96.37  0.64E-07
306  0  38.99  -96.37  0.60E-07
306  0  39.04  -96.37  0.72E-07
306  0  39.09  -96.37  0.81E-07
306  0  39.14  -96.37  0.86E-07
306  0  39.19  -96.37  0.10E-06
306  0  39.24  -96.37  0.49E-06
306  0  39.29  -96.37  0.72E-07
306  0  36.99  -96.32  0.42E-09
306  0  37.04  -96.32  0.53E-09
306  0  37.09  -96.32  0.19E-09
306  0  37.14  -96.32  0.58E-09
306  0  37.19  -96.32  0.16E-08
306  0  37.24  -96.32  0.22E-08
306  0  37.29  -96.32  0.12E-08
306  0  37.34  -96.32  0.28E-08
306  0  37.39  -96.32  0.29E-08
306  0  37.44  -96.32  0.24E-08
306  0  37.49  -96.32  0.63E-08
306  0  37.54  -96.32  0.66E-08
306  0  37.59  -96.32  0.96E-08
306  0  37.64  -96.32  0.80E-08
306  0  37.69  -96.32  0.10E-07
306  0  37.74  -96.32  0.83E-08
306  0  37.79  -96.32  0.73E-08
306  0  37.84  -96.32  0.59E-08
306  0  37.89  -96.32  0.51E-08
306  0  37.94  -96.32  0.59E-08
306  0  37.99  -96.32  0.89E-08
306  0  38.04  -96.32  0.17E-07
306  0  38.09  -96.32  0.14E-07
306  0  38.14  -96.32  0.21E-07
306  0  38.19  -96.32  0.16E-07
306  0  38.24  -96.32  0.27E-07
306  0  38.29  -96.32  0.29E-07
306  0  38.34  -96.32  0.27E-07
306  0  38.39  -96.32  0.37E-07
306  0  38.44  -96.32  0.50E-07
306  0  38.49  -96.32  0.40E-07
306  0  38.54  -96.32  0.48E-07
306  0  38.59  -96.32  0.57E-07
306  0  38.64  -96.32  0.50E-07
306  0  38.69  -96.32  0.57E-07
306  0  38.74  -96.32  0.60E-07
306  0  38.79  -96.32  0.78E-07
306  0  38.84  -96.32  0.83E-07
306  0  38.89  -96.32  0.82E-07
306  0  38.94  -96.32  0.85E-07
306  0  38.99  -96.32  0.90E-07
306  0  39.04  -96.32  0.93E-07
306  0  39.09  -96.32  0.10E-06
306  0  39.14  -96.32  0.10E-06
306  0  39.19  -96.32  0.13E-06
306  0  39.24  -96.32  0.54E-06
306  0  39.29  -96.32  0.99E-07
306  0  36.89  -96.27  0.96E-10
306  0  36.94  -96.27  0.61E-09
306  0  36.99  -96.27  0.33E-09
306  0  37.04  -96.27  0.17E-09
306  0  37.09  -96.27  0.77E-09
306  0  37.14  -96.27  0.25E-08
306  0  37.19  -96.27  0.87E-09
306  0  37.24  -96.27  0.26E-08
306  0  37.29  -96.27  0.37E-08
306  0  37.34  -96.27  0.28E-08
306  0  37.39  -96.27  0.34E-08
306  0  37.44  -96.27  0.38E-08
306  0  37.49  -96.27  0.81E-08
306  0  37.54  -96.27  0.95E-08
306  0  37.59  -96.27  0.85E-08
306  0  37.64  -96.27  0.73E-08
306  0  37.69  -96.27  0.75E-08
306  0  37.74  -96.27  0.65E-08
306  0  37.79  -96.27  0.71E-08
306  0  37.84  -96.27  0.66E-08
306  0  37.89  -96.27  0.89E-08
306  0  37.94  -96.27  0.88E-08
306  0  37.99  -96.27  0.17E-07
306  0  38.04  -96.27  0.22E-07
306  0  38.09  -96.27  0.15E-07
306  0  38.14  -96.27  0.15E-07
306  0  38.19  -96.27  0.10E-07
306  0  38.24  -96.27  0.21E-07
306  0  38.29  -96.27  0.31E-07
306  0  38.34  -96.27  0.30E-07
306  0  38.39  -96.27  0.40E-07
306  0  38.44  -96.27  0.58E-07
306  0  38.49  -96.27  0.42E-07
306  0  38.54  -96.27  0.48E-07
306  0  38.59  -96.27  0.61E-07
306  0  38.64  -96.27  0.62E-07
306  0  38.69  -96.27  0.68E-07
306  0  38.74  -96.27  0.77E-07
306  0  38.79  -96.27  0.11E-06
306  0  38.84  -96.27  0.10E-06
306  0  38.89  -96.27  0.98E-07
306  0  38.94  -96.27  0.93E-07
306  0  38.99  -96.27  0.88E-07
306  0  39.04  -96.27  0.10E-06
306  0  39.09  -96.27  0.11E-06
306  0  39.14  -96.27  0.12E-06
306  0  39.19  -96.27  0.14E-06
306  0  39.24  -96.27  0.58E-06
306  0  39.29  -96.27  0.17E-06
306  0  36.84  -96.22  0.38E-09
306  0  36.89  -96.22  0.52E-09
306  0  36.94  -96.22  0.44E-10
306  0  36.99  -96.22  0.41E-09
306  0  37.04  -96.22  0.62E-09
306  0  37.09  -96.22  0.45E-09
306  0  37.14  -96.22  0.11E-08
306  0  37.19  -96.22  0.30E-08
306  0  37.24  -96.22  0.27E-08
306  0  37.29  -96.22  0.31E-08
306  0  37.34  -96.22  0.42E-08
306  0  37.39  -96.22  0.45E-08
306  0  37.44  -96.22  0.83E-08
306  0  37.49  -96.22  0.73E-08
306  0  37.54  -96.22  0.62E-08
306  0  37.59  -96.22  0.91E-08
306  0  37.64  -96.22  0.86E-08
306  0  37.69  -96.22  0.10E-07
306  0  37.74  -96.22  0.84E-08
306  0  37.79  -96.22  0.64E-08
306  0  37.84  -96.22  0.54E-08
306  0  37.89  -96.22  0.79E-08
306  0  37.94  -96.22  0.18E-07
306  0  37.99  -96.22  0.17E-07
306  0  38.04  -96.22  0.11E-07
306  0  38.09  -96.22  0.93E-08
306  0  38.14  -96.22  0.11E-07
306  0  38.19  -96.22  0.19E-07
306  0  38.24  -96.22  0.25E-07
306  0  38.29  -96.22  0.24E-07
306  0  38.34  -96.22  0.33E-07
306  0  38.39  -96.22  0.41E-07
306  0  38.44  -96.22  0.38E-07
306  0  38.49  -96.22  0.40E-07
306  0  38.54  -96.22  0.49E-07
306  0  38.59  -96.22  0.55E-07
306  0  38.64  -96.22  0.75E-07
306  0  38.69  -96.22  0.93E-07
306  0  38.74  -96.22  0.10E-06
306  0  38.79  -96.22  0.12E-06
306  0  38.84  -96.22  0.11E-06
306  0  38.89  -96.22  0.10E-06
306  0  38.94  -96.22  0.12E-06
306  0  38.99  -96.22  0.14E-06
306  0  39.04  -96.22  0.15E-06
306  0  39.09  -96.22  0.16E-06
306  0  39.14  -96.22  0.17E-06
306  0  39.19  -96.22  0.16E-06
306  0  39.24  -96.22  0.51E-06
306  0  39.29  -96.22  0.35E-06
306  0  36.74  -96.17  0.19E-09
306  0  36.79  -96.17  0.48E-09
306  0  36.84  -96.17  0.23E-09
306  0  36.89  -96.17  0.15E-09
306  0  36.94  -96.17  0.60E-09
306  0  36.99  -96.17  0.60E-09
306  0  37.04  -96.17  0.13E-08
306  0  37.09  -96.17  0.16E-08
306  0  37.14  -96.17  0.32E-08
306  0  37.19  -96.17  0.22E-08
306  0  37.24  -96.17  0.14E-08
306  0  37.29  -96.17  0.36E-08
306  0  37.34  -96.17  0.52E-08
306  0  37.39  -96.17  0.91E-08
306  0  37.44  -96.17  0.73E-08
306  0  37.49  -96.17  0.74E-08
306  0  37.54  -96.17  0.85E-08
306  0  37.59  -96.17  0.74E-08
306  0  37.64  -96.17  0.65E-08
306  0  37.69  -96.17  0.85E-08
306  0  37.74  -96.17  0.71E-08
306  0  37.79  -96.17  0.61E-08
306  0  37.84  -96.17  0.89E-08
306  0  37.89  -96.17  0.15E-07
306  0  37.94  -96.17  0.16E-07
306  0  37.99  -96.17  0.10E-07
306  0  38.04  -96.17  0.94E-08
306  0  38.09  -96.17  0.15E-07
306  0  38.14  -96.17  0.12E-07
306  0  38.19  -96.17  0.21E-07
306  0  38.24  -96.17  0.14E-07
306  0  38.29  -96.17  0.20E-07
306  0  38.34  -96.17  0.31E-07
306  0  38.39  -96.17  0.37E-07
306  0  38.44  -96.17  0.25E-07
306  0  38.49  -96.17  0.33E-07
306  0  38.54  -96.17  0.38E-07
306  0  38.59  -96.17  0.50E-07
306  0  38.64  -96.17  0.65E-07
306  0  38.69  -96.17  0.65E-07
306  0  38.74  -96.17  0.68E-07
306  0  38.79  -96.17  0.86E-07
306  0  38.84  -96.17  0.10E-06
306  0  38.89  -96.17  0.13E-06
306  0  38.94  -96.17  0.17E-06
306  0  38.99  -96.17  0.21E-06
306  0  39.04  -96.17  0.24E-06
306  0  39.09  -96.17  0.29E-06
306  0  39.14  -96.17  0.35E-06
306  0  39.19  -96.17  0.38E-06
306  0  39.24  -96.17  0.46E-06
306  0  39.29  -96.17  0.77E-06
306  0  36.69  -96.12  0.38E-09
306  0  36.74  -96.12  0.38E-09
306  0  36.79  -96.12  0.19E-09
306  0  36.84  -96.12  0.42E-09
306  0  36.89  -96.12  0.52E-09
306  0  36.94  -96.12  0.12E-08
306  0  36.99  -96.12  0.20E-08
306  0  37.04  -96.12  0.18E-08
306  0  37.09  -96.12  0.41E-08
306  0  37.14  -96.12  0.13E-08
306  0  37.19  -96.12  0.22E-08
306  0  37.24  -96.12  0.40E-08
306  0  37.29  -96.12  0.44E-08
306  0  37.34  -96.12  0.73E-08
306  0  37.39  -96.12  0.59E-08
306  0  37.44  -96.12  0.64E-08
306  0  37.49  -96.12  0.55E-08
306  0  37.54  -96.12  0.57E-08
306  0  37.59  -96.12  0.50E-08
306  0  37.64  -96.12  0.45E-08
306  0  37.69  -96.12  0.55E-08
306  0  37.74  -96.12  0.55E-08
306  0  37.79  -96.12  0.90E-08
306  0  37.84  -96.12  0.96E-08
306  0  37.89  -96.12  0.13E-07
306  0  37.94  -96.12  0.12E-07
306  0  37.99  -96.12  0.12E-07
306  0  38.04  -96.12  0.13E-07
306  0  38.09  -96.12  0.73E-08
306  0  38.14  -96.12  0.16E-07
306  0  38.19  -96.12  0.14E-07
306  0  38.24  -96.12  0.22E-07
306  0  38.29  -96.12  0.13E-07
306  0  38.34  -96.12  0.27E-07
306  0  38.39  -96.12  0.20E-07
306  0  38.44  -96.12  0.18E-07
306  0  38.49  -96.12  0.24E-07
306  0  38.54  -96.12  0.19E-07
306  0  38.59  -96.12  0.42E-07
306  0  38.64  -96.12  0.43E-07
306  0  38.69  -96.12  0.40E-07
306  0  38.74  -96.12  0.45E-07
306  0  38.79  -96.12  0.62E-07
306  0  38.84  -96.12  0.65E-07
306  0  38.89  -96.12  0.83E-07
306  0  38.94  -96.12  0.11E-06
306  0  38.99  -96.12  0.14E-06
306  0  39.04  -96.12  0.19E-06
306  0  39.09  -96.12  0.26E-06
306  0  39.14  -96.12  0.39E-06
306  0  39.19  -96.12  0.69E-06
306  0  39.24  -96.12  0.13E-05
306  0  39.29  -96.12  0.22E-05
306  0  36.64  -96.07  0.38E-09
306  0  36.69  -96.07  0.36E-09
306  0  36.74  -96.07  0.55E-09
306  0  36.79  -96.07  0.64E-09
306  0  36.84  -96.07  0.66E-09
306  0  36.89  -96.07  0.17E-08
306  0  36.94  -96.07  0.88E-09
306  0  36.99  -96.07  0.90E-10
306  0  37.04  -96.07  0.16E-08
306  0  37.09  -96.07  0.16E-08
306  0  37.14  -96.07  0.33E-08
306  0  37.19  -96.07  0.41E-08
306  0  37.24  -96.07  0.37E-08
306  0  37.29  -96.07  0.73E-08
306  0  37.34  -96.07  0.53E-08
306  0  37.39  -96.07  0.64E-08
306  0  37.44  -96.07  0.57E-08
306  0  37.49  -96.07  0.64E-08
306  0  37.54  -96.07  0.51E-08
306  0  37.59  -96.07  0.57E-08
306  0  37.64  -96.07  0.77E-08
306  0  37.69  -96.07  0.64E-08
306  0  37.74  -96.07  0.97E-08
306  0  37.79  -96.07  0.14E-07
306  0  37.84  -96.07  0.15E-07
306  0  37.89  -96.07  0.12E-07
306  0  37.94  -96.07  0.75E-08
306  0  37.99  -96.07  0.57E-08
306  0  38.04  -96.07  0.98E-08
306  0  38.09  -96.07  0.68E-08
306  0  38.14  -96.07  0.14E-07
306  0  38.19  -96.07  0.12E-07
306  0  38.24  -96.07  0.12E-07
306  0  38.29  -96.07  0.12E-07
306  0  38.34  -96.07  0.17E-07
306  0  38.39  -96.07  0.94E-08
306  0  38.44  -96.07  0.14E-07
306  0  38.49  -96.07  0.15E-07
306  0  38.54  -96.07  0.19E-07
306  0  38.59  -96.07  0.29E-07
306  0  38.64  -96.07  0.32E-07
306  0  38.69  -96.07  0.40E-07
306  0  38.74  -96.07  0.36E-07
306  0  38.79  -96.07  0.47E-07
306  0  38.84  -96.07  0.53E-07
306  0  38.89  -96.07  0.53E-07
306  0  38.94  -96.07  0.69E-07
306  0  38.99  -96.07  0.88E-07
306  0  39.04  -96.07  0.93E-07
306  0  39.09  -96.07  0.14E-06
306  0  39.14  -96.07  0.16E-06
306  0  39.19  -96.07  0.22E-06
306  0  39.24  -96.07  0.29E-06
306  0  39.29  -96.07  0.77E-06
306  0  39.34  -96.07  0.16E-07
306  0  36.54  -96.02  0.19E-09
306  0  36.59  -96.02  0.76E-09
306  0  36.64  -96.02  0.47E-09
306  0  36.69  -96.02  0.36E-09
306  0  36.74  -96.02  0.73E-09
306  0  36.79  -96.02  0.67E-09
306  0  36.84  -96.02  0.14E-08
306  0  36.89  -96.02  0.44E-09
306  0  36.94  -96.02  0.18E-09
306  0  36.99  -96.02  0.17E-08
306  0  37.04  -96.02  0.26E-08
306  0  37.09  -96.02  0.47E-08
306  0  37.14  -96.02  0.35E-08
306  0  37.19  -96.02  0.35E-08
306  0  37.24  -96.02  0.60E-08
306  0  37.29  -96.02  0.68E-08
306  0  37.34  -96.02  0.60E-08
306  0  37.39  -96.02  0.74E-08
306  0  37.44  -96.02  0.48E-08
306  0  37.49  -96.02  0.45E-08
306  0  37.54  -96.02  0.58E-08
306  0  37.59  -96.02  0.71E-08
306  0  37.64  -96.02  0.74E-08
306  0  37.69  -96.02  0.10E-07
306  0  37.74  -96.02  0.15E-07
306  0  37.79  -96.02  0.93E-08
306  0  37.84  -96.02  0.90E-08
306  0  37.89  -96.02  0.53E-08
306  0  37.94  -96.02  0.38E-08
306  0  37.99  -96.02  0.64E-08
306  0  38.04  -96.02  0.43E-08
306  0  38.09  -96.02  0.33E-08
306  0  38.14  -96.02  0.75E-08
306  0  38.19  -96.02  0.50E-08
306  0  38.24  -96.02  0.78E-08
306  0  38.29  -96.02  0.10E-07
306  0  38.34  -96.02  0.63E-08
306  0  38.39  -96.02  0.49E-08
306  0  38.44  -96.02  0.72E-08
306  0  38.49  -96.02  0.13E-07
306  0  38.54  -96.02  0.19E-07
306  0  38.59  -96.02  0.24E-07
306  0  38.64  -96.02  0.31E-07
306  0  38.69  -96.02  0.31E-07
306  0  38.74  -96.02  0.30E-07
306  0  38.79  -96.02  0.35E-07
306  0  38.84  -96.02  0.43E-07
306  0  38.89  -96.02  0.46E-07
306  0  38.94  -96.02  0.54E-07
306  0  38.99  -96.02  0.61E-07
306  0  39.04  -96.02  0.71E-07
306  0  39.09  -96.02  0.74E-07
306  0  39.14  -96.02  0.78E-07
306  0  39.19  -96.02  0.12E-06
306  0  39.24  -96.02  0.16E-06
306  0  39.29  -96.02  0.42E-06
306  0  39.34  -96.02  0.12E-06
306  0  39.39  -96.02  0.77E-09
306  0  36.49  -95.97  0.48E-09
306  0  36.54  -95.97  0.83E-09
306  0  36.59  -95.97  0.34E-09
306  0  36.64  -95.97  0.20E-09
306  0  36.69  -95.97  0.64E-09
306  0  36.74  -95.97  0.50E-09
306  0  36.79  -95.97  0.14E-08
306  0  36.84  -95.97  0.63E-09
306  0  36.89  -95.97  0.80E-09
306  0  36.94  -95.97  0.27E-08
306  0  36.99  -95.97  0.45E-08
306  0  37.04  -95.97  0.43E-08
306  0  37.09  -95.97  0.27E-08
306  0  37.14  -95.97  0.26E-08
306  0  37.19  -95.97  0.23E-08
306  0  37.24  -95.97  0.48E-08
306  0  37.29  -95.97  0.71E-08
306  0  37.34  -95.97  0.67E-08
306  0  37.39  -95.97  0.35E-08
306  0  37.44  -95.97  0.76E-08
306  0  37.49  -95.97  0.62E-08
306  0  37.54  -95.97  0.63E-08
306  0  37.59  -95.97  0.72E-08
306  0  37.64  -95.97  0.11E-07
306  0  37.69  -95.97  0.99E-08
306  0  37.74  -95.97  0.10E-07
306  0  37.79  -95.97  0.77E-08
306  0  37.84  -95.97  0.44E-08
306  0  37.89  -95.97  0.28E-08
306  0  37.94  -95.97  0.26E-08
306  0  37.99  -95.97  0.40E-08
306  0  38.04  -95.97  0.28E-08
306  0  38.09  -95.97  0.15E-08
306  0  38.14  -95.97  0.55E-08
306  0  38.19  -95.97  0.29E-08
306  0  38.24  -95.97  0.43E-08
306  0  38.29  -95.97  0.47E-08
306  0  38.34  -95.97  0.23E-08
306  0  38.39  -95.97  0.17E-08
306  0  38.44  -95.97  0.76E-08
306  0  38.49  -95.97  0.12E-07
306  0  38.54  -95.97  0.12E-07
306  0  38.59  -95.97  0.22E-07
306  0  38.64  -95.97  0.23E-07
306  0  38.69  -95.97  0.16E-07
306  0  38.74  -95.97  0.22E-07
306  0  38.79  -95.97  0.31E-07
306  0  38.84  -95.97  0.33E-07
306  0  38.89  -95.97  0.38E-07
306  0  38.94  -95.97  0.40E-07
306  0  38.99  -95.97  0.54E-07
306  0  39.04  -95.97  0.52E-07
306  0  39.09  -95.97  0.55E-07
306  0  39.14  -95.97  0.62E-07
306  0  39.19  -95.97  0.96E-07
306  0  39.24  -95.97  0.12E-06
306  0  39.29  -95.97  0.23E-06
306  0  39.34  -95.97  0.17E-06
306  0  39.39  -95.97  0.90E-08
306  0  39.44  -95.97  0.45E-09
306  0  36.49  -95.92  0.30E-09
306  0  36.54  -95.92  0.34E-09
306  0  36.59  -95.92  0.64E-09
306  0  36.64  -95.92  0.10E-08
306  0  36.69  -95.92  0.13E-08
306  0  36.74  -95.92  0.12E-08
306  0  36.79  -95.92  0.86E-09
306  0  36.84  -95.92  0.95E-09
306  0  36.89  -95.92  0.50E-08
306  0  36.94  -95.92  0.49E-08
306  0  36.99  -95.92  0.31E-08
306  0  37.04  -95.92  0.27E-08
306  0  37.09  -95.92  0.17E-08
306  0  37.14  -95.92  0.41E-08
306  0  37.19  -95.92  0.62E-08
306  0  37.24  -95.92  0.52E-08
306  0  37.29  -95.92  0.47E-08
306  0  37.34  -95.92  0.58E-08
306  0  37.39  -95.92  0.53E-08
306  0  37.44  -95.92  0.49E-08
306  0  37.49  -95.92  0.59E-08
306  0  37.54  -95.92  0.68E-08
306  0  37.59  -95.92  0.74E-08
306  0  37.64  -95.92  0.11E-07
306  0  37.69  -95.92  0.84E-08
306  0  37.74  -95.92  0.54E-08
306  0  37.79  -95.92  0.31E-08
306  0  37.84  -95.92  0.15E-08
306  0  37.89  -95.92  0.16E-08
306  0  37.94  -95.92  0.15E-08
306  0  37.99  -95.92  0.81E-09
306  0  38.04  -95.92  0.14E-08
306  0  38.09  -95.92  0.12E-08
306  0  38.14  -95.92  0.21E-08
306  0  38.19  -95.92  0.44E-08
306  0  38.24  -95.92  0.37E-08
306  0  38.29  -95.92  0.88E-09
306  0  38.34  -95.92  0.10E-08
306  0  38.39  -95.92  0.15E-08
306  0  38.44  -95.92  0.36E-08
306  0  38.49  -95.92  0.66E-08
306  0  38.54  -95.92  0.50E-08
306  0  38.59  -95.92  0.13E-07
306  0  38.64  -95.92  0.20E-07
306  0  38.69  -95.92  0.98E-08
306  0  38.74  -95.92  0.15E-07
306  0  38.79  -95.92  0.23E-07
306  0  38.84  -95.92  0.26E-07
306  0  38.89  -95.92  0.34E-07
306  0  38.94  -95.92  0.34E-07
306  0  38.99  -95.92  0.48E-07
306  0  39.04  -95.92  0.43E-07
306  0  39.09  -95.92  0.46E-07
306  0  39.14  -95.92  0.56E-07
306  0  39.19  -95.92  0.80E-07
306  0  39.24  -95.92  0.98E-07
306  0  39.29  -95.92  0.15E-06
306  0  39.34  -95.92  0.13E-06
306  0  39.39  -95.92  0.21E-07
306  0  39.44  -95.92  0.13E-08
306  0  39.49  -95.92  0.51E-10
306  0  36.44  -95.87  0.26E-09
306  0  36.49  -95.87  0.35E-09
306  0  36.54  -95.87  0.56E-09
306  0  36.59  -95.87  0.40E-09
306  0  36.64  -95.87  0.75E-09
306  0  36.69  -95.87  0.64E-09
306  0  36.74  -95.87  0.17E-09
306  0  36.79  -95.87  0.21E-08
306  0  36.84  -95.87  0.70E-08
306  0  36.89  -95.87  0.33E-08
306  0  36.94  -95.87  0.21E-08
306  0  36.99  -95.87  0.30E-08
306  0  37.04  -95.87  0.27E-08
306  0  37.09  -95.87  0.47E-08
306  0  37.14  -95.87  0.56E-08
306  0  37.19  -95.87  0.52E-08
306  0  37.24  -95.87  0.65E-08
306  0  37.29  -95.87  0.56E-08
306  0  37.34  -95.87  0.42E-08
306  0  37.39  -95.87  0.43E-08
306  0  37.44  -95.87  0.58E-08
306  0  37.49  -95.87  0.74E-08
306  0  37.54  -95.87  0.68E-08
306  0  37.59  -95.87  0.80E-08
306  0  37.64  -95.87  0.46E-08
306  0  37.69  -95.87  0.29E-08
306  0  37.74  -95.87  0.25E-08
306  0  37.79  -95.87  0.80E-09
306  0  37.84  -95.87  0.91E-09
306  0  37.89  -95.87  0.19E-08
306  0  37.94  -95.87  0.23E-09
306  0  37.99  -95.87  0.71E-09
306  0  38.04  -95.87  0.91E-09
306  0  38.09  -95.87  0.24E-08
306  0  38.14  -95.87  0.22E-08
306  0  38.19  -95.87  0.28E-08
306  0  38.24  -95.87  0.12E-08
306  0  38.29  -95.87  0.77E-10
306  0  38.34  -95.87  0.68E-09
306  0  38.39  -95.87  0.19E-08
306  0  38.44  -95.87  0.11E-08
306  0  38.49  -95.87  0.36E-08
306  0  38.54  -95.87  0.25E-08
306  0  38.59  -95.87  0.55E-08
306  0  38.64  -95.87  0.96E-08
306  0  38.69  -95.87  0.92E-08
306  0  38.74  -95.87  0.13E-07
306  0  38.79  -95.87  0.17E-07
306  0  38.84  -95.87  0.24E-07
306  0  38.89  -95.87  0.23E-07
306  0  38.94  -95.87  0.27E-07
306  0  38.99  -95.87  0.37E-07
306  0  39.04  -95.87  0.41E-07
306  0  39.09  -95.87  0.41E-07
306  0  39.14  -95.87  0.50E-07
306  0  39.19  -95.87  0.71E-07
306  0  39.24  -95.87  0.76E-07
306  0  39.29  -95.87  0.98E-07
306  0  39.34  -95.87  0.82E-07
306  0  39.39  -95.87  0.24E-07
306  0  39.44  -95.87  0.40E-08
306  0  39.49  -95.87  0.41E-09
306  0  36.39  -95.82  0.15E-09
306  0  36.44  -95.82  0.54E-09
306  0  36.49  -95.82  0.31E-09
306  0  36.54  -95.82  0.26E-09
306  0  36.59  -95.82  0.95E-09
306  0  36.64  -95.82  0.87E-10
306  0  36.69  -95.82  0.89E-09
306  0  36.74  -95.82  0.39E-08
306  0  36.79  -95.82  0.47E-08
306  0  36.84  -95.82  0.13E-08
306  0  36.89  -95.82  0.29E-08
306  0  36.94  -95.82  0.32E-08
306  0  36.99  -95.82  0.24E-08
306  0  37.04  -95.82  0.48E-08
306  0  37.09  -95.82  0.44E-08
306  0  37.14  -95.82  0.59E-08
306  0  37.19  -95.82  0.45E-08
306  0  37.24  -95.82  0.39E-08
306  0  37.29  -95.82  0.34E-08
306  0  37.34  -95.82  0.38E-08
306  0  37.39  -95.82  0.58E-08
306  0  37.44  -95.82  0.57E-08
306  0  37.49  -95.82  0.89E-08
306  0  37.54  -95.82  0.74E-08
306  0  37.59  -95.82  0.23E-08
306  0  37.64  -95.82  0.11E-08
306  0  37.69  -95.82  0.70E-09
306  0  37.74  -95.82  0.57E-09
306  0  37.79  -95.82  0.12E-08
306  0  37.84  -95.82  0.12E-08
306  0  37.89  -95.82  0.31E-09
306  0  37.94  -95.82  0.56E-09
306  0  37.99  -95.82  0.10E-08
306  0  38.04  -95.82  0.30E-09
306  0  38.09  -95.82  0.65E-09
306  0  38.14  -95.82  0.16E-08
306  0  38.19  -95.82  0.75E-09
306  0  38.29  -95.82  0.68E-09
306  0  38.34  -95.82  0.19E-08
306  0  38.39  -95.82  0.14E-08
306  0  38.44  -95.82  0.11E-08
306  0  38.49  -95.82  0.19E-08
306  0  38.54  -95.82  0.10E-08
306  0  38.59  -95.82  0.32E-08
306  0  38.64  -95.82  0.49E-08
306  0  38.69  -95.82  0.65E-08
306  0  38.74  -95.82  0.77E-08
306  0  38.79  -95.82  0.11E-07
306  0  38.84  -95.82  0.13E-07
306  0  38.89  -95.82  0.18E-07
306  0  38.94  -95.82  0.23E-07
306  0  38.99  -95.82  0.27E-07
306  0  39.04  -95.82  0.35E-07
306  0  39.09  -95.82  0.31E-07
306  0  39.14  -95.82  0.39E-07
306  0  39.19  -95.82  0.62E-07
306  0  39.24  -95.82  0.53E-07
306  0  39.29  -95.82  0.58E-07
306  0  39.34  -95.82  0.48E-07
306  0  39.39  -95.82  0.16E-07
306  0  39.44  -95.82  0.26E-08
306  0  36.29  -95.77  0.94E-09
306  0  36.34  -95.77  0.60E-09
306  0  36.39  -95.77  0.38E-09
306  0  36.44  -95.77  0.36E-09
306  0  36.49  -95.77  0.26E-09
306  0  36.54  -95.77  0.69E-09
306  0  36.59  -95.77  0.68E-09
306  0  36.64  -95.77  0.21E-08
306  0  36.69  -95.77  0.36E-08
306  0  36.74  -95.77  0.24E-08
306  0  36.79  -95.77  0.16E-08
306  0  36.84  -95.77  0.26E-08
306  0  36.89  -95.77  0.23E-08
306  0  36.94  -95.77  0.29E-08
306  0  36.99  -95.77  0.44E-08
306  0  37.04  -95.77  0.44E-08
306  0  37.09  -95.77  0.47E-08
306  0  37.14  -95.77  0.22E-08
306  0  37.19  -95.77  0.35E-08
306  0  37.24  -95.77  0.36E-08
306  0  37.29  -95.77  0.45E-08
306  0  37.34  -95.77  0.44E-08
306  0  37.39  -95.77  0.51E-08
306  0  37.44  -95.77  0.46E-08
306  0  37.49  -95.77  0.38E-08
306  0  37.54  -95.77  0.17E-08
306  0  37.59  -95.77  0.11E-08
306  0  37.64  -95.77  0.41E-09
306  0  37.69  -95.77  0.34E-09
306  0  37.74  -95.77  0.23E-09
306  0  37.79  -95.77  0.15E-08
306  0  37.84  -95.77  0.45E-09
306  0  37.89  -95.77  0.77E-09
306  0  37.94  -95.77  0.30E-09
306  0  37.99  -95.77  0.10E-08
306  0  38.04  -95.77  0.48E-09
306  0  38.09  -95.77  0.49E-09
306  0  38.14  -95.77  0.21E-09
306  0  38.24  -95.77  0.68E-09
306  0  38.29  -95.77  0.17E-10
306  0  38.34  -95.77  0.68E-10
306  0  38.39  -95.77  0.29E-08
306  0  38.44  -95.77  0.88E-09
306  0  38.49  -95.77  0.15E-08
306  0  38.54  -95.77  0.16E-09
306  0  38.59  -95.77  0.16E-08
306  0  38.64  -95.77  0.27E-08
306  0  38.69  -95.77  0.21E-08
306  0  38.74  -95.77  0.50E-08
306  0  38.79  -95.77  0.52E-08
306  0  38.84  -95.77  0.66E-08
306  0  38.89  -95.77  0.11E-07
306  0  38.94  -95.77  0.14E-07
306  0  38.99  -95.77  0.18E-07
306  0  39.04  -95.77  0.22E-07
306  0  39.09  -95.77  0.25E-07
306  0  39.14  -95.77  0.29E-07
306  0  39.19  -95.77  0.41E-07
306  0  39.24  -95.77  0.37E-07
306  0  39.29  -95.77  0.27E-07
306  0  39.34  -95.77  0.22E-07
306  0  39.39  -95.77  0.70E-08
306  0  39.44  -95.77  0.11E-08
306  0  36.34  -95.72  0.26E-09
306  0  36.39  -95.72  0.48E-09
306  0  36.44  -95.72  0.19E-09
306  0  36.49  -95.72  0.13E-08
306  0  36.54  -95.72  0.13E-08
306  0  36.59  -95.72  0.20E-08
306  0  36.64  -95.72  0.22E-08
306  0  36.69  -95.72  0.25E-08
306  0  36.74  -95.72  0.17E-08
306  0  36.79  -95.72  0.22E-08
306  0  36.84  -95.72  0.31E-08
306  0  36.89  -95.72  0.35E-08
306  0  36.94  -95.72  0.44E-08
306  0  36.99  -95.72  0.48E-08
306  0  37.04  -95.72  0.34E-08
306  0  37.09  -95.72  0.21E-08
306  0  37.14  -95.72  0.49E-08
306  0  37.19  -95.72  0.35E-08
306  0  37.24  -95.72  0.35E-08
306  0  37.29  -95.72  0.32E-08
306  0  37.34  -95.72  0.32E-08
306  0  37.39  -95.72  0.24E-08
306  0  37.44  -95.72  0.16E-08
306  0  37.49  -95.72  0.15E-08
306  0  37.54  -95.72  0.79E-09
306  0  37.59  -95.72  0.23E-09
306  0  37.84  -95.72  0.86E-10
306  0  37.89  -95.72  0.29E-09
306  0  37.94  -95.72  0.19E-09
306  0  37.99  -95.72  0.30E-09
306  0  38.04  -95.72  0.30E-09
306  0  38.19  -95.72  0.34E-09
306  0  38.29  -95.72  0.51E-10
306  0  38.34  -95.72  0.15E-08
306  0  38.39  -95.72  0.13E-08
306  0  38.44  -95.72  0.48E-09
306  0  38.54  -95.72  0.37E-09
306  0  38.59  -95.72  0.98E-09
306  0  38.64  -95.72  0.22E-08
306  0  38.69  -95.72  0.23E-08
306  0  38.74  -95.72  0.18E-08
306  0  38.79  -95.72  0.18E-08
306  0  38.84  -95.72  0.44E-08
306  0  38.89  -95.72  0.76E-08
306  0  38.94  -95.72  0.76E-08
306  0  38.99  -95.72  0.14E-07
306  0  39.04  -95.72  0.13E-07
306  0  39.09  -95.72  0.16E-07
306  0  39.14  -95.72  0.20E-07
306  0  39.19  -95.72  0.20E-07
306  0  39.24  -95.72  0.19E-07
306  0  39.29  -95.72  0.10E-07
306  0  39.34  -95.72  0.97E-08
306  0  39.39  -95.72  0.23E-08
306  0  39.44  -95.72  0.49E-09
306  0  39.49  -95.72  0.43E-09
306  0  36.19  -95.67  0.26E-09
306  0  36.24  -95.67  0.35E-09
306  0  36.29  -95.67  0.35E-09
306  0  36.34  -95.67  0.13E-09
306  0  36.39  -95.67  0.87E-09
306  0  36.44  -95.67  0.19E-08
306  0  36.49  -95.67  0.12E-08
306  0  36.54  -95.67  0.21E-08
306  0  36.59  -95.67  0.23E-08
306  0  36.64  -95.67  0.18E-08
306  0  36.69  -95.67  0.18E-08
306  0  36.74  -95.67  0.35E-08
306  0  36.79  -95.67  0.39E-08
306  0  36.84  -95.67  0.33E-08
306  0  36.89  -95.67  0.42E-08
306  0  36.94  -95.67  0.33E-08
306  0  36.99  -95.67  0.18E-08
306  0  37.04  -95.67  0.36E-08
306  0  37.09  -95.67  0.43E-08
306  0  37.14  -95.67  0.23E-08
306  0  37.19  -95.67  0.40E-08
306  0  37.24  -95.67  0.40E-08
306  0  37.29  -95.67  0.25E-08
306  0  37.34  -95.67  0.68E-09
306  0  37.39  -95.67  0.17E-08
306  0  37.44  -95.67  0.11E-08
306  0  37.49  -95.67  0.51E-09
306  0  37.54  -95.67  0.11E-09
306  0  37.84  -95.67  0.19E-09
306  0  37.89  -95.67  0.97E-10
306  0  38.29  -95.67  0.38E-09
306  0  38.34  -95.67  0.74E-09
306  0  38.39  -95.67  0.31E-09
306  0  38.49  -95.67  0.31E-09
306  0  38.54  -95.67  0.34E-09
306  0  38.59  -95.67  0.11E-08
306  0  38.64  -95.67  0.23E-08
306  0  38.69  -95.67  0.85E-09
306  0  38.74  -95.67  0.26E-09
306  0  38.79  -95.67  0.15E-08
306  0  38.84  -95.67  0.35E-08
306  0  38.89  -95.67  0.30E-08
306  0  38.94  -95.67  0.29E-08
306  0  38.99  -95.67  0.68E-08
306  0  39.04  -95.67  0.62E-08
306  0  39.09  -95.67  0.91E-08
306  0  39.14  -95.67  0.62E-08
306  0  39.19  -95.67  0.84E-08
306  0  39.24  -95.67  0.86E-08
306  0  39.29  -95.67  0.26E-08
306  0  39.34  -95.67  0.22E-08
306  0  39.39  -95.67  0.53E-09
306  0  39.44  -95.67  0.33E-09
306  0  36.04  -95.62  0.23E-09
306  0  36.09  -95.62  0.34E-09
306  0  36.14  -95.62  0.43E-09
306  0  36.19  -95.62  0.86E-10
306  0  36.24  -95.62  0.15E-09
306  0  36.29  -95.62  0.14E-08
306  0  36.34  -95.62  0.16E-08
306  0  36.39  -95.62  0.11E-08
306  0  36.44  -95.62  0.16E-08
306  0  36.49  -95.62  0.22E-08
306  0  36.54  -95.62  0.15E-08
306  0  36.59  -95.62  0.11E-08
306  0  36.64  -95.62  0.19E-08
306  0  36.69  -95.62  0.27E-08
306  0  36.74  -95.62  0.29E-08
306  0  36.79  -95.62  0.37E-08
306  0  36.84  -95.62  0.24E-08
306  0  36.89  -95.62  0.25E-08
306  0  36.94  -95.62  0.28E-08
306  0  36.99  -95.62  0.45E-08
306  0  37.04  -95.62  0.30E-08
306  0  37.09  -95.62  0.25E-08
306  0  37.14  -95.62  0.38E-08
306  0  37.19  -95.62  0.37E-08
306  0  37.24  -95.62  0.16E-08
306  0  37.29  -95.62  0.99E-09
306  0  37.34  -95.62  0.17E-08
306  0  37.39  -95.62  0.94E-09
306  0  37.44  -95.62  0.11E-09
306  0  38.24  -95.62  0.39E-09
306  0  38.29  -95.62  0.97E-10
306  0  38.34  -95.62  0.10E-09
306  0  38.44  -95.62  0.41E-09
306  0  38.49  -95.62  0.46E-09
306  0  38.54  -95.62  0.79E-09
306  0  38.59  -95.62  0.90E-09
306  0  38.64  -95.62  0.34E-09
306  0  38.69  -95.62  0.24E-09
306  0  38.74  -95.62  0.60E-10
306  0  38.79  -95.62  0.11E-08
306  0  38.84  -95.62  0.11E-08
306  0  38.89  -95.62  0.17E-08
306  0  38.94  -95.62  0.85E-09
306  0  38.99  -95.62  0.30E-08
306  0  39.04  -95.62  0.28E-08
306  0  39.09  -95.62  0.34E-08
306  0  39.14  -95.62  0.16E-08
306  0  39.19  -95.62  0.19E-08
306  0  39.24  -95.62  0.11E-08
306  0  39.29  -95.62  0.88E-09
306  0  39.34  -95.62  0.58E-09
306  0  35.94  -95.57  0.34E-09
306  0  35.99  -95.57  0.46E-09
306  0  36.04  -95.57  0.23E-09
306  0  36.14  -95.57  0.80E-09
306  0  36.19  -95.57  0.15E-08
306  0  36.24  -95.57  0.15E-08
306  0  36.29  -95.57  0.10E-08
306  0  36.34  -95.57  0.14E-08
306  0  36.39  -95.57  0.19E-08
306  0  36.44  -95.57  0.16E-08
306  0  36.49  -95.57  0.11E-08
306  0  36.54  -95.57  0.12E-08
306  0  36.59  -95.57  0.22E-08
306  0  36.64  -95.57  0.21E-08
306  0  36.69  -95.57  0.29E-08
306  0  36.74  -95.57  0.38E-08
306  0  36.79  -95.57  0.18E-08
306  0  36.84  -95.57  0.35E-08
306  0  36.89  -95.57  0.36E-08
306  0  36.94  -95.57  0.35E-08
306  0  36.99  -95.57  0.21E-08
306  0  37.04  -95.57  0.34E-08
306  0  37.09  -95.57  0.37E-08
306  0  37.14  -95.57  0.26E-08
306  0  37.19  -95.57  0.90E-09
306  0  37.24  -95.57  0.11E-08
306  0  37.29  -95.57  0.17E-08
306  0  37.34  -95.57  0.61E-09
306  0  38.19  -95.57  0.39E-09
306  0  38.34  -95.57  0.10E-09
306  0  38.39  -95.57  0.41E-09
306  0  38.44  -95.57  0.25E-09
306  0  38.49  -95.57  0.70E-09
306  0  38.54  -95.57  0.69E-10
306  0  38.59  -95.57  0.39E-10
306  0  38.64  -95.57  0.16E-09
306  0  38.69  -95.57  0.39E-10
306  0  38.74  -95.57  0.23E-09
306  0  38.79  -95.57  0.37E-09
306  0  38.89  -95.57  0.20E-10
306  0  38.94  -95.57  0.34E-09
306  0  38.99  -95.57  0.79E-09
306  0  39.04  -95.57  0.38E-09
306  0  39.09  -95.57  0.66E-09
306  0  39.14  -95.57  0.48E-09
306  0  39.19  -95.57  0.11E-08
306  0  39.24  -95.57  0.39E-10
306  0  39.29  -95.57  0.46E-09
306  0  39.34  -95.57  0.24E-09
306  0  35.84  -95.52  0.52E-09
306  0  35.89  -95.52  0.46E-09
306  0  36.04  -95.52  0.13E-09
306  0  36.09  -95.52  0.11E-08
306  0  36.14  -95.52  0.15E-08
306  0  36.19  -95.52  0.11E-08
306  0  36.24  -95.52  0.12E-08
306  0  36.29  -95.52  0.11E-08
306  0  36.34  -95.52  0.14E-08
306  0  36.39  -95.52  0.10E-08
306  0  36.44  -95.52  0.12E-08
306  0  36.49  -95.52  0.23E-08
306  0  36.54  -95.52  0.23E-08
306  0  36.59  -95.52  0.18E-08
306  0  36.64  -95.52  0.31E-08
306  0  36.69  -95.52  0.27E-08
306  0  36.74  -95.52  0.26E-08
306  0  36.79  -95.52  0.44E-08
306  0  36.84  -95.52  0.30E-08
306  0  36.89  -95.52  0.26E-08
306  0  36.94  -95.52  0.22E-08
306  0  36.99  -95.52  0.35E-08
306  0  37.04  -95.52  0.33E-08
306  0  37.09  -95.52  0.16E-08
306  0  37.14  -95.52  0.50E-09
306  0  37.19  -95.52  0.10E-08
306  0  37.24  -95.52  0.12E-08
306  0  38.29  -95.52  0.31E-09
306  0  38.34  -95.52  0.20E-09
306  0  38.39  -95.52  0.22E-09
306  0  38.44  -95.52  0.38E-09
306  0  38.49  -95.52  0.51E-10
306  0  38.54  -95.52  0.78E-10
306  0  38.59  -95.52  0.16E-09
306  0  38.74  -95.52  0.28E-09
306  0  38.84  -95.52  0.20E-10
306  0  38.89  -95.52  0.12E-09
306  0  38.94  -95.52  0.31E-09
306  0  38.99  -95.52  0.18E-09
306  0  39.09  -95.52  0.38E-09
306  0  39.14  -95.52  0.34E-09
306  0  39.19  -95.52  0.27E-09
306  0  39.24  -95.52  0.84E-10
306  0  35.74  -95.47  0.43E-09
306  0  35.79  -95.47  0.43E-09
306  0  35.94  -95.47  0.92E-10
306  0  35.99  -95.47  0.47E-09
306  0  36.04  -95.47  0.14E-08
306  0  36.09  -95.47  0.13E-08
306  0  36.14  -95.47  0.57E-09
306  0  36.19  -95.47  0.61E-09
306  0  36.24  -95.47  0.15E-08
306  0  36.29  -95.47  0.16E-08
306  0  36.34  -95.47  0.13E-08
306  0  36.39  -95.47  0.18E-08
306  0  36.44  -95.47  0.16E-08
306  0  36.49  -95.47  0.15E-08
306  0  36.54  -95.47  0.20E-08
306  0  36.59  -95.47  0.25E-08
306  0  36.64  -95.47  0.20E-08
306  0  36.69  -95.47  0.37E-08
306  0  36.74  -95.47  0.36E-08
306  0  36.79  -95.47  0.26E-08
306  0  36.84  -95.47  0.15E-08
306  0  36.89  -95.47  0.16E-08
306  0  36.94  -95.47  0.33E-08
306  0  36.99  -95.47  0.25E-08
306  0  37.04  -95.47  0.10E-08
306  0  37.09  -95.47  0.16E-09
306  0  37.14  -95.47  0.14E-08
306  0  37.19  -95.47  0.78E-09
306  0  38.34  -95.47  0.22E-09
306  0  38.39  -95.47  0.36E-09
306  0  38.44  -95.47  0.51E-10
306  0  38.49  -95.47  0.39E-10
306  0  38.54  -95.47  0.12E-09
306  0  38.84  -95.47  0.16E-09
306  0  38.94  -95.47  0.61E-10
306  0  38.99  -95.47  0.14E-09
306  0  39.09  -95.47  0.14E-09
306  0  39.24  -95.47  0.34E-09
306  0  35.69  -95.42  0.34E-09
306  0  35.79  -95.42  0.46E-10
306  0  35.84  -95.42  0.14E-09
306  0  35.89  -95.42  0.24E-09
306  0  35.94  -95.42  0.44E-09
306  0  35.99  -95.42  0.87E-09
306  0  36.04  -95.42  0.40E-09
306  0  36.09  -95.42  0.47E-09
306  0  36.14  -95.42  0.83E-09
306  0  36.19  -95.42  0.10E-08
306  0  36.24  -95.42  0.15E-08
306  0  36.29  -95.42  0.14E-08
306  0  36.34  -95.42  0.14E-08
306  0  36.39  -95.42  0.12E-08
306  0  36.44  -95.42  0.17E-08
306  0  36.49  -95.42  0.20E-08
306  0  36.54  -95.42  0.19E-08
306  0  36.59  -95.42  0.26E-08
306  0  36.64  -95.42  0.34E-08
306  0  36.69  -95.42  0.22E-08
306  0  36.74  -95.42  0.16E-08
306  0  36.79  -95.42  0.12E-08
306  0  36.84  -95.42  0.23E-08
306  0  36.89  -95.42  0.24E-08
306  0  36.94  -95.42  0.13E-08
306  0  36.99  -95.42  0.49E-09
306  0  37.04  -95.42  0.78E-09
306  0  37.09  -95.42  0.17E-08
306  0  37.14  -95.42  0.23E-09
306  0  38.29  -95.42  0.10E-09
306  0  38.34  -95.42  0.15E-09
306  0  38.84  -95.42  0.20E-10
306  0  39.24  -95.42  0.17E-09
306  0  35.69  -95.37  0.92E-10
306  0  35.74  -95.37  0.14E-09
306  0  35.79  -95.37  0.92E-10
306  0  35.84  -95.37  0.20E-09
306  0  35.89  -95.37  0.40E-09
306  0  35.94  -95.37  0.47E-09
306  0  35.99  -95.37  0.92E-09
306  0  36.04  -95.37  0.42E-09
306  0  36.09  -95.37  0.65E-09
306  0  36.14  -95.37  0.10E-08
306  0  36.19  -95.37  0.17E-08
306  0  36.24  -95.37  0.13E-08
306  0  36.29  -95.37  0.13E-08
306  0  36.34  -95.37  0.10E-08
306  0  36.39  -95.37  0.13E-08
306  0  36.44  -95.37  0.14E-08
306  0  36.49  -95.37  0.18E-08
306  0  36.54  -95.37  0.35E-08
306  0  36.59  -95.37  0.21E-08
306  0  36.64  -95.37  0.18E-08
306  0  36.69  -95.37  0.19E-08
306  0  36.74  -95.37  0.18E-08
306  0  36.79  -95.37  0.25E-08
306  0  36.84  -95.37  0.16E-08
306  0  36.89  -95.37  0.68E-09
306  0  36.94  -95.37  0.48E-09
306  0  36.99  -95.37  0.66E-09
306  0  37.04  -95.37  0.93E-09
306  0  38.24  -95.37  0.51E-10
306  0  38.29  -95.37  0.15E-09
306  0  35.54  -95.32  0.46E-10
306  0  35.59  -95.32  0.14E-09
306  0  35.64  -95.32  0.14E-09
306  0  35.79  -95.32  0.49E-09
306  0  35.84  -95.32  0.57E-09
306  0  35.89  -95.32  0.84E-09
306  0  35.94  -95.32  0.54E-09
306  0  35.99  -95.32  0.39E-09
306  0  36.04  -95.32  0.64E-09
306  0  36.09  -95.32  0.99E-09
306  0  36.14  -95.32  0.11E-08
306  0  36.19  -95.32  0.15E-08
306  0  36.24  -95.32  0.12E-08
306  0  36.29  -95.32  0.97E-09
306  0  36.34  -95.32  0.13E-08
306  0  36.39  -95.32  0.16E-08
306  0  36.44  -95.32  0.26E-08
306  0  36.49  -95.32  0.26E-08
306  0  36.54  -95.32  0.13E-08
306  0  36.59  -95.32  0.12E-08
306  0  36.64  -95.32  0.18E-08
306  0  36.69  -95.32  0.17E-08
306  0  36.74  -95.32  0.18E-08
306  0  36.79  -95.32  0.15E-08
306  0  36.84  -95.32  0.53E-09
306  0  36.89  -95.32  0.56E-09
306  0  36.94  -95.32  0.89E-09
306  0  36.99  -95.32  0.63E-09
306  0  35.44  -95.27  0.61E-10
306  0  35.49  -95.27  0.17E-09
306  0  35.54  -95.27  0.92E-10
306  0  35.64  -95.27  0.18E-09
306  0  35.69  -95.27  0.18E-09
306  0  35.74  -95.27  0.18E-09
306  0  35.79  -95.27  0.67E-09
306  0  35.84  -95.27  0.67E-09
306  0  35.89  -95.27  0.30E-09
306  0  35.94  -95.27  0.69E-09
306  0  35.99  -95.27  0.45E-09
306  0  36.04  -95.27  0.90E-09
306  0  36.09  -95.27  0.14E-08
306  0  36.14  -95.27  0.71E-09
306  0  36.19  -95.27  0.86E-09
306  0  36.24  -95.27  0.11E-08
306  0  36.29  -95.27  0.11E-08
306  0  36.34  -95.27  0.15E-08
306  0  36.39  -95.27  0.25E-08
306  0  36.44  -95.27  0.15E-08
306  0  36.49  -95.27  0.80E-09
306  0  36.54  -95.27  0.13E-08
306  0  36.59  -95.27  0.11E-08
306  0  36.64  -95.27  0.18E-08
306  0  36.69  -95.27  0.17E-08
306  0  36.74  -95.27  0.87E-09
306  0  36.79  -95.27  0.35E-09
306  0  36.84  -95.27  0.55E-09
306  0  36.89  -95.27  0.75E-09
306  0  36.94  -95.27  0.53E-09
306  0  35.34  -95.22  0.61E-10
306  0  35.39  -95.22  0.12E-09
306  0  35.44  -95.22  0.15E-09
306  0  35.49  -95.22  0.18E-09
306  0  35.54  -95.22  0.18E-09
306  0  35.59  -95.22  0.18E-09
306  0  35.69  -95.22  0.85E-10
306  0  35.74  -95.22  0.97E-09
306  0  35.79  -95.22  0.48E-09
306  0  35.84  -95.22  0.20E-09
306  0  35.89  -95.22  0.19E-09
306  0  35.94  -95.22  0.84E-09
306  0  35.99  -95.22  0.12E-08
306  0  36.04  -95.22  0.97E-09
306  0  36.09  -95.22  0.90E-09
306  0  36.14  -95.22  0.12E-08
306  0  36.19  -95.22  0.93E-09
306  0  36.24  -95.22  0.76E-09
306  0  36.29  -95.22  0.22E-08
306  0  36.34  -95.22  0.18E-08
306  0  36.39  -95.22  0.98E-09
306  0  36.44  -95.22  0.93E-09
306  0  36.49  -95.22  0.14E-08
306  0  36.54  -95.22  0.13E-08
306  0  36.59  -95.22  0.15E-08
306  0  36.64  -95.22  0.99E-09
306  0  36.69  -95.22  0.85E-09
306  0  36.74  -95.22  0.54E-09
306  0  36.79  -95.22  0.55E-09
306  0  36.84  -95.22  0.70E-09
306  0  36.89  -95.22  0.25E-09
306  0  35.19  -95.17  0.18E-09
306  0  35.24  -95.17  0.24E-09
306  0  35.29  -95.17  0.30E-09
306  0  35.34  -95.17  0.30E-09
306  0  35.39  -95.17  0.90E-10
306  0  35.44  -95.17  0.90E-10
306  0  35.64  -95.17  0.89E-09
306  0  35.69  -95.17  0.97E-09
306  0  35.79  -95.17  0.19E-09
306  0  35.84  -95.17  0.66E-09
306  0  35.89  -95.17  0.74E-09
306  0  35.94  -95.17  0.97E-09
306  0  35.99  -95.17  0.87E-09
306  0  36.04  -95.17  0.89E-09
306  0  36.09  -95.17  0.76E-09
306  0  36.14  -95.17  0.44E-09
306  0  36.19  -95.17  0.11E-08
306  0  36.24  -95.17  0.18E-08
306  0  36.29  -95.17  0.13E-08
306  0  36.34  -95.17  0.85E-09
306  0  36.39  -95.17  0.10E-08
306  0  36.44  -95.17  0.13E-08
306  0  36.49  -95.17  0.81E-09
306  0  36.54  -95.17  0.90E-09
306  0  36.59  -95.17  0.89E-09
306  0  36.64  -95.17  0.83E-09
306  0  36.69  -95.17  0.65E-09
306  0  36.74  -95.17  0.51E-09
306  0  36.79  -95.17  0.52E-09
306  0  36.84  -95.17  0.69E-10
306  0  34.94  -95.12  0.18E-09
306  0  34.99  -95.12  0.18E-09
306  0  35.04  -95.12  0.18E-09
306  0  35.09  -95.12  0.18E-09
306  0  35.14  -95.12  0.22E-09
306  0  35.19  -95.12  0.26E-09
306  0  35.24  -95.12  0.61E-10
306  0  35.54  -95.12  0.35E-09
306  0  35.59  -95.12  0.52E-09
306  0  35.64  -95.12  0.85E-10
306  0  35.69  -95.12  0.96E-10
306  0  35.74  -95.12  0.44E-09
306  0  35.79  -95.12  0.71E-09
306  0  35.84  -95.12  0.22E-09
306  0  35.89  -95.12  0.10E-08
306  0  35.94  -95.12  0.12E-08
306  0  35.99  -95.12  0.84E-09
306  0  36.04  -95.12  0.44E-09
306  0  36.09  -95.12  0.10E-08
306  0  36.14  -95.12  0.13E-08
306  0  36.19  -95.12  0.10E-08
306  0  36.24  -95.12  0.75E-09
306  0  36.29  -95.12  0.81E-09
306  0  36.34  -95.12  0.76E-09
306  0  36.39  -95.12  0.94E-09
306  0  36.44  -95.12  0.77E-09
306  0  36.49  -95.12  0.40E-09
306  0  36.54  -95.12  0.56E-09
306  0  36.59  -95.12  0.94E-09
306  0  36.64  -95.12  0.45E-09
306  0  36.69  -95.12  0.39E-09
306  0  36.74  -95.12  0.56E-09
306  0  36.79  -95.12  0.69E-10
306  0  34.69  -95.07  0.12E-09
306  0  34.74  -95.07  0.18E-09
306  0  34.79  -95.07  0.27E-09
306  0  34.84  -95.07  0.18E-09
306  0  34.89  -95.07  0.18E-09
306  0  35.09  -95.07  0.14E-09
306  0  35.14  -95.07  0.14E-09
306  0  35.44  -95.07  0.33E-09
306  0  35.49  -95.07  0.35E-09
306  0  35.54  -95.07  0.39E-09
306  0  35.64  -95.07  0.39E-09
306  0  35.69  -95.07  0.97E-09
306  0  35.74  -95.07  0.33E-09
306  0  35.84  -95.07  0.11E-08
306  0  35.89  -95.07  0.67E-09
306  0  35.94  -95.07  0.60E-09
306  0  35.99  -95.07  0.33E-09
306  0  36.04  -95.07  0.13E-08
306  0  36.09  -95.07  0.10E-08
306  0  36.14  -95.07  0.11E-08
306  0  36.19  -95.07  0.64E-09
306  0  36.24  -95.07  0.80E-09
306  0  36.29  -95.07  0.63E-09
306  0  36.34  -95.07  0.50E-09
306  0  36.39  -95.07  0.82E-09
306  0  36.44  -95.07  0.11E-09
306  0  36.49  -95.07  0.67E-09
306  0  36.54  -95.07  0.61E-09
306  0  36.59  -95.07  0.22E-09
306  0  36.64  -95.07  0.28E-09
306  0  36.69  -95.07  0.53E-09
306  0  34.54  -95.02  0.24E-09
306  0  34.59  -95.02  0.24E-09
306  0  34.64  -95.02  0.12E-09
306  0  34.69  -95.02  0.12E-09
306  0  34.99  -95.02  0.46E-10
306  0  35.04  -95.02  0.18E-09
306  0  35.34  -95.02  0.20E-09
306  0  35.39  -95.02  0.40E-09
306  0  35.44  -95.02  0.99E-10
306  0  35.59  -95.02  0.49E-09
306  0  35.64  -95.02  0.54E-09
306  0  35.74  -95.02  0.59E-09
306  0  35.79  -95.02  0.12E-08
306  0  35.84  -95.02  0.47E-09
306  0  35.89  -95.02  0.38E-09
306  0  35.94  -95.02  0.59E-09
306  0  35.99  -95.02  0.12E-08
306  0  36.04  -95.02  0.82E-09
306  0  36.09  -95.02  0.10E-08
306  0  36.14  -95.02  0.60E-09
306  0  36.19  -95.02  0.61E-09
306  0  36.24  -95.02  0.37E-09
306  0  36.29  -95.02  0.71E-09
306  0  36.34  -95.02  0.42E-09
306  0  36.39  -95.02  0.11E-09
306  0  36.44  -95.02  0.56E-09
306  0  36.49  -95.02  0.18E-09
306  0  36.54  -95.02  0.81E-10
306  0  36.59  -95.02  0.68E-09
306  0  36.64  -95.02  0.29E-09
306  0  34.34  -94.97  0.12E-09
306  0  34.39  -94.97  0.12E-09
306  0  34.44  -94.97  0.24E-09
306  0  34.49  -94.97  0.24E-09
306  0  34.94  -94.97  0.14E-09
306  0  34.99  -94.97  0.14E-09
306  0  35.24  -94.97  0.20E-09
306  0  35.29  -94.97  0.40E-09
306  0  35.34  -94.97  0.20E-09
306  0  35.49  -94.97  0.14E-09
306  0  35.54  -94.97  0.49E-09
306  0  35.69  -94.97  0.62E-09
306  0  35.74  -94.97  0.81E-09
306  0  35.79  -94.97  0.42E-09
306  0  35.84  -94.97  0.42E-09
306  0  35.89  -94.97  0.83E-09
306  0  35.94  -94.97  0.96E-09
306  0  35.99  -94.97  0.21E-09
306  0  36.04  -94.97  0.34E-09
306  0  36.09  -94.97  0.11E-09
306  0  36.14  -94.97  0.34E-09
306  0  36.19  -94.97  0.48E-09
306  0  36.24  -94.97  0.78E-09
306  0  36.29  -94.97  0.14E-09
306  0  36.34  -94.97  0.33E-09
306  0  36.39  -94.97  0.11E-09
306  0  36.44  -94.97  0.18E-09
306  0  36.49  -94.97  0.25E-09
306  0  36.54  -94.97  0.43E-09
306  0  36.59  -94.97  0.14E-09
306  0  34.24  -94.92  0.27E-09
306  0  34.29  -94.92  0.30E-09
306  0  34.34  -94.92  0.12E-09
306  0  34.89  -94.92  0.46E-10
306  0  35.24  -94.92  0.30E-09
306  0  35.39  -94.92  0.13E-09
306  0  35.44  -94.92  0.21E-09
306  0  35.49  -94.92  0.35E-09
306  0  35.59  -94.92  0.11E-09
306  0  35.64  -94.92  0.49E-09
306  0  35.69  -94.92  0.57E-09
306  0  35.74  -94.92  0.29E-09
306  0  35.79  -94.92  0.70E-09
306  0  35.84  -94.92  0.91E-09
306  0  35.89  -94.92  0.63E-09
306  0  35.94  -94.92  0.21E-09
306  0  36.09  -94.92  0.12E-09
306  0  36.14  -94.92  0.69E-09
306  0  36.19  -94.92  0.42E-09
306  0  36.24  -94.92  0.22E-09
306  0  36.29  -94.92  0.22E-09
306  0  36.39  -94.92  0.91E-10
306  0  36.44  -94.92  0.35E-09
306  0  36.49  -94.92  0.28E-09
306  0  34.04  -94.87  0.88E-10
306  0  34.09  -94.87  0.27E-09
306  0  34.14  -94.87  0.27E-09
306  0  34.19  -94.87  0.18E-09
306  0  35.34  -94.87  0.20E-09
306  0  35.39  -94.87  0.35E-09
306  0  35.44  -94.87  0.14E-09
306  0  35.54  -94.87  0.33E-09
306  0  35.59  -94.87  0.35E-09
306  0  35.64  -94.87  0.41E-09
306  0  35.69  -94.87  0.37E-09
306  0  35.74  -94.87  0.72E-09
306  0  35.79  -94.87  0.55E-09
306  0  35.84  -94.87  0.49E-09
306  0  35.89  -94.87  0.60E-10
306  0  36.04  -94.87  0.28E-09
306  0  36.09  -94.87  0.76E-09
306  0  36.14  -94.87  0.43E-09
306  0  36.19  -94.87  0.22E-09
306  0  36.39  -94.87  0.34E-09
306  0  36.44  -94.87  0.10E-09
306  0  33.94  -94.82  0.18E-09
306  0  33.99  -94.82  0.27E-09
306  0  34.04  -94.82  0.88E-10
306  0  35.24  -94.82  0.10E-09
306  0  35.29  -94.82  0.20E-09
306  0  35.39  -94.82  0.72E-10
306  0  35.44  -94.82  0.11E-09
306  0  35.49  -94.82  0.33E-09
306  0  35.54  -94.82  0.33E-09
306  0  35.59  -94.82  0.35E-09
306  0  35.64  -94.82  0.62E-09
306  0  35.69  -94.82  0.54E-09
306  0  35.74  -94.82  0.31E-09
306  0  35.79  -94.82  0.29E-09
306  0  35.99  -94.82  0.29E-09
306  0  36.04  -94.82  0.88E-09
306  0  36.09  -94.82  0.26E-09
306  0  36.14  -94.82  0.11E-09
306  0  36.29  -94.82  0.80E-10
306  0  36.34  -94.82  0.41E-09
306  0  35.19  -94.77  0.30E-09
306  0  35.24  -94.77  0.10E-09
306  0  35.39  -94.77  0.22E-09
306  0  35.44  -94.77  0.22E-09
306  0  35.54  -94.77  0.44E-09
306  0  35.59  -94.77  0.68E-09
306  0  35.64  -94.77  0.30E-09
306  0  35.69  -94.77  0.28E-09
306  0  35.74  -94.77  0.12E-09
306  0  35.94  -94.77  0.60E-10
306  0  35.99  -94.77  0.26E-09
306  0  36.04  -94.77  0.15E-09
306  0  36.24  -94.77  0.80E-10
306  0  36.29  -94.77  0.31E-09
306  0  35.09  -94.72  0.20E-09
306  0  35.14  -94.72  0.20E-09
306  0  35.29  -94.72  0.11E-09
306  0  35.34  -94.72  0.33E-09
306  0  35.39  -94.72  0.11E-09
306  0  35.44  -94.72  0.11E-09
306  0  35.49  -94.72  0.44E-09
306  0  35.54  -94.72  0.41E-09
306  0  35.59  -94.72  0.20E-09
306  0  35.64  -94.72  0.22E-09
306  0  35.89  -94.72  0.15E-09
306  0  35.94  -94.72  0.29E-09
306  0  36.19  -94.72  0.16E-09
306  0  36.24  -94.72  0.23E-09
306  0  35.04  -94.67  0.30E-09
306  0  35.29  -94.67  0.11E-09
306  0  35.39  -94.67  0.22E-09
306  0  35.44  -94.67  0.31E-09
306  0  35.49  -94.67  0.30E-09
306  0  35.54  -94.67  0.22E-09
306  0  35.59  -94.67  0.11E-09
306  0  35.79  -94.67  0.15E-09
306  0  35.84  -94.67  0.29E-09
306  0  36.14  -94.67  0.75E-10
306  0  36.19  -94.67  0.23E-09
306  0  34.99  -94.62  0.20E-09
306  0  35.29  -94.62  0.22E-09
306  0  35.34  -94.62  0.33E-09
306  0  35.39  -94.62  0.20E-09
306  0  35.44  -94.62  0.30E-09
306  0  35.49  -94.62  0.22E-09
306  0  35.74  -94.62  0.29E-09
306  0  36.09  -94.62  0.15E-09
306  0  36.14  -94.62  0.75E-10
306  0  35.24  -94.57  0.11E-09
306  0  35.29  -94.57  0.11E-09
306  0  35.34  -94.57  0.94E-10
306  0  35.39  -94.57  0.20E-09
306  0  35.44  -94.57  0.11E-09
306  0  35.64  -94.57  0.29E-09
306  0  35.69  -94.57  0.15E-09
306  0  35.99  -94.57  0.75E-10
306  0  36.04  -94.57  0.15E-09
306  0  35.54  -94.52  0.11E-09
306  0  35.59  -94.52  0.22E-09
306  0  35.99  -94.52  0.15E-09
306  0  35.44  -94.47  0.11E-09
306  0  35.49  -94.47  0.22E-09
306  0  35.54  -94.47  0.11E-09
306  0  35.94  -94.47  0.15E-09
306  0  35.39  -94.42  0.22E-09
306  0  35.44  -94.42  0.11E-09
306  0  35.29  -94.37  0.22E-09
306  0  35.34  -94.37  0.22E-09
306  0  35.19  -94.32  0.11E-09
306  0  35.24  -94.32  0.22E-09
306  0  35.29  -94.32  0.11E-09
306  0  35.14  -94.27  0.11E-09
306  0  35.19  -94.27  0.11E-09
