DAY HR    LAT     LON CO2 10000
275  0  39.49  -96.92  0.16E-08
275  0  39.44  -96.87  0.80E-09
275  0  39.49  -96.87  0.36E-08
275  0  39.44  -96.82  0.15E-08
275  0  39.59  -96.82  0.12E-08
275  0  39.34  -96.77  0.96E-09
275  0  39.44  -96.77  0.18E-08
275  0  39.49  -96.77  0.10E-08
275  0  39.54  -96.77  0.47E-08
275  0  39.59  -96.77  0.24E-08
275  0  38.89  -96.72  0.11E-08
275  0  39.34  -96.72  0.24E-08
275  0  39.44  -96.72  0.33E-08
275  0  39.49  -96.72  0.55E-08
275  0  38.84  -96.67  0.33E-09
275  0  38.94  -96.67  0.11E-08
275  0  39.34  -96.67  0.19E-08
275  0  39.44  -96.67  0.12E-08
275  0  39.49  -96.67  0.12E-08
275  0  38.84  -96.62  0.66E-09
275  0  38.89  -96.62  0.66E-09
275  0  38.94  -96.62  0.11E-08
275  0  39.34  -96.62  0.14E-08
275  0  39.44  -96.62  0.12E-08
275  0  39.49  -96.62  0.37E-08
275  0  38.84  -96.57  0.63E-09
275  0  38.89  -96.57  0.14E-08
275  0  38.94  -96.57  0.26E-08
275  0  38.99  -96.57  0.92E-09
275  0  39.09  -96.57  0.55E-09
275  0  39.14  -96.57  0.54E-09
275  0  39.24  -96.57  0.42E-08
275  0  39.34  -96.57  0.11E-08
275  0  39.39  -96.57  0.34E-08
275  0  39.44  -96.57  0.44E-08
275  0  39.49  -96.57  0.30E-08
275  0  38.74  -96.52  0.43E-09
275  0  38.79  -96.52  0.94E-09
275  0  38.84  -96.52  0.25E-08
275  0  38.89  -96.52  0.24E-08
275  0  38.94  -96.52  0.43E-08
275  0  38.99  -96.52  0.44E-08
275  0  39.04  -96.52  0.25E-08
275  0  39.09  -96.52  0.17E-08
275  0  39.14  -96.52  0.46E-08
275  0  39.24  -96.52  0.63E-08
275  0  39.29  -96.52  0.50E-08
275  0  39.34  -96.52  0.38E-08
275  0  39.39  -96.52  0.12E-07
275  0  39.44  -96.52  0.87E-08
275  0  38.74  -96.47  0.43E-09
275  0  38.79  -96.47  0.85E-09
275  0  38.84  -96.47  0.44E-08
275  0  38.89  -96.47  0.47E-08
275  0  38.94  -96.47  0.30E-08
275  0  38.99  -96.47  0.64E-08
275  0  39.04  -96.47  0.55E-08
275  0  39.09  -96.47  0.42E-08
275  0  39.14  -96.47  0.42E-08
275  0  39.19  -96.47  0.64E-08
275  0  39.29  -96.47  0.98E-08
275  0  39.34  -96.47  0.25E-07
275  0  39.39  -96.47  0.19E-07
275  0  39.44  -96.47  0.11E-07
275  0  39.49  -96.47  0.91E-09
275  0  38.74  -96.42  0.22E-09
275  0  38.79  -96.42  0.20E-08
275  0  38.84  -96.42  0.71E-08
275  0  38.89  -96.42  0.83E-08
275  0  38.94  -96.42  0.17E-07
275  0  38.99  -96.42  0.13E-07
275  0  39.04  -96.42  0.88E-08
275  0  39.09  -96.42  0.84E-08
275  0  39.14  -96.42  0.77E-08
275  0  39.19  -96.42  0.95E-08
275  0  39.24  -96.42  0.44E-08
275  0  39.29  -96.42  0.89E-08
275  0  39.34  -96.42  0.41E-07
275  0  39.39  -96.42  0.63E-07
275  0  39.44  -96.42  0.17E-07
275  0  39.49  -96.42  0.11E-08
275  0  38.74  -96.37  0.42E-08
275  0  38.79  -96.37  0.33E-08
275  0  38.84  -96.37  0.87E-08
275  0  38.89  -96.37  0.23E-07
275  0  38.94  -96.37  0.20E-07
275  0  38.99  -96.37  0.25E-07
275  0  39.04  -96.37  0.23E-07
275  0  39.09  -96.37  0.23E-07
275  0  39.14  -96.37  0.21E-07
275  0  39.19  -96.37  0.22E-07
275  0  39.24  -96.37  0.14E-07
275  0  39.29  -96.37  0.42E-07
275  0  39.34  -96.37  0.93E-07
275  0  39.39  -96.37  0.92E-07
275  0  39.44  -96.37  0.32E-07
275  0  39.49  -96.37  0.90E-08
275  0  39.54  -96.37  0.41E-08
275  0  38.59  -96.32  0.28E-09
275  0  38.64  -96.32  0.10E-08
275  0  38.69  -96.32  0.13E-08
275  0  38.74  -96.32  0.26E-08
275  0  38.79  -96.32  0.13E-07
275  0  38.84  -96.32  0.16E-07
275  0  38.89  -96.32  0.32E-07
275  0  38.94  -96.32  0.37E-07
275  0  38.99  -96.32  0.44E-07
275  0  39.04  -96.32  0.47E-07
275  0  39.09  -96.32  0.49E-07
275  0  39.14  -96.32  0.48E-07
275  0  39.19  -96.32  0.39E-07
275  0  39.24  -96.32  0.37E-07
275  0  39.29  -96.32  0.14E-06
275  0  39.34  -96.32  0.27E-06
275  0  39.39  -96.32  0.27E-06
275  0  39.44  -96.32  0.50E-07
275  0  39.49  -96.32  0.18E-07
275  0  39.54  -96.32  0.14E-08
275  0  38.64  -96.27  0.15E-08
275  0  38.69  -96.27  0.47E-08
275  0  38.74  -96.27  0.41E-08
275  0  38.79  -96.27  0.13E-07
275  0  38.84  -96.27  0.35E-07
275  0  38.89  -96.27  0.42E-07
275  0  38.94  -96.27  0.68E-07
275  0  38.99  -96.27  0.92E-07
275  0  39.04  -96.27  0.95E-07
275  0  39.09  -96.27  0.92E-07
275  0  39.14  -96.27  0.12E-06
275  0  39.19  -96.27  0.85E-07
275  0  39.24  -96.27  0.86E-07
275  0  39.29  -96.27  0.30E-06
275  0  39.34  -96.27  0.63E-06
275  0  39.39  -96.27  0.41E-06
275  0  39.44  -96.27  0.62E-07
275  0  39.49  -96.27  0.89E-09
275  0  38.64  -96.22  0.19E-08
275  0  38.69  -96.22  0.46E-08
275  0  38.74  -96.22  0.11E-07
275  0  38.79  -96.22  0.22E-07
275  0  38.84  -96.22  0.40E-07
275  0  38.89  -96.22  0.83E-07
275  0  38.94  -96.22  0.11E-06
275  0  38.99  -96.22  0.11E-06
275  0  39.04  -96.22  0.16E-06
275  0  39.09  -96.22  0.20E-06
275  0  39.14  -96.22  0.23E-06
275  0  39.19  -96.22  0.21E-06
275  0  39.24  -96.22  0.16E-06
275  0  39.29  -96.22  0.89E-06
275  0  39.34  -96.22  0.11E-05
275  0  39.39  -96.22  0.31E-06
275  0  39.44  -96.22  0.38E-07
275  0  38.49  -96.17  0.44E-09
275  0  38.54  -96.17  0.29E-09
275  0  38.59  -96.17  0.20E-09
275  0  38.64  -96.17  0.20E-08
275  0  38.69  -96.17  0.73E-08
275  0  38.74  -96.17  0.19E-07
275  0  38.79  -96.17  0.48E-07
275  0  38.84  -96.17  0.90E-07
275  0  38.89  -96.17  0.12E-06
275  0  38.94  -96.17  0.16E-06
275  0  38.99  -96.17  0.20E-06
275  0  39.04  -96.17  0.21E-06
275  0  39.09  -96.17  0.28E-06
275  0  39.14  -96.17  0.34E-06
275  0  39.19  -96.17  0.52E-06
275  0  39.24  -96.17  0.77E-06
275  0  39.29  -96.17  0.21E-05
275  0  39.34  -96.17  0.19E-05
275  0  39.39  -96.17  0.27E-06
275  0  39.44  -96.17  0.59E-08
275  0  38.54  -96.12  0.15E-09
275  0  38.59  -96.12  0.81E-09
275  0  38.64  -96.12  0.43E-08
275  0  38.69  -96.12  0.12E-07
275  0  38.74  -96.12  0.22E-07
275  0  38.79  -96.12  0.48E-07
275  0  38.84  -96.12  0.94E-07
275  0  38.89  -96.12  0.15E-06
275  0  38.94  -96.12  0.23E-06
275  0  38.99  -96.12  0.26E-06
275  0  39.04  -96.12  0.34E-06
275  0  39.09  -96.12  0.37E-06
275  0  39.14  -96.12  0.50E-06
275  0  39.19  -96.12  0.81E-06
275  0  39.24  -96.12  0.22E-05
275  0  39.29  -96.12  0.76E-05
275  0  39.34  -96.12  0.92E-06
275  0  39.39  -96.12  0.79E-07
275  0  38.59  -96.07  0.53E-09
275  0  38.64  -96.07  0.40E-08
275  0  38.69  -96.07  0.14E-07
275  0  38.74  -96.07  0.28E-07
275  0  38.79  -96.07  0.57E-07
275  0  38.84  -96.07  0.94E-07
275  0  38.89  -96.07  0.15E-06
275  0  38.94  -96.07  0.24E-06
275  0  38.99  -96.07  0.31E-06
275  0  39.04  -96.07  0.39E-06
275  0  39.09  -96.07  0.51E-06
275  0  39.14  -96.07  0.79E-06
275  0  39.19  -96.07  0.15E-05
275  0  39.24  -96.07  0.29E-05
275  0  39.29  -96.07  0.13E-05
275  0  39.34  -96.07  0.17E-06
275  0  39.39  -96.07  0.75E-08
275  0  38.54  -96.02  0.29E-09
275  0  38.59  -96.02  0.14E-08
275  0  38.64  -96.02  0.25E-08
275  0  38.69  -96.02  0.93E-08
275  0  38.74  -96.02  0.25E-07
275  0  38.79  -96.02  0.57E-07
275  0  38.84  -96.02  0.95E-07
275  0  38.89  -96.02  0.16E-06
275  0  38.94  -96.02  0.21E-06
275  0  38.99  -96.02  0.32E-06
275  0  39.04  -96.02  0.46E-06
275  0  39.09  -96.02  0.58E-06
275  0  39.14  -96.02  0.91E-06
275  0  39.19  -96.02  0.12E-05
275  0  39.24  -96.02  0.65E-06
275  0  39.29  -96.02  0.16E-06
275  0  39.34  -96.02  0.60E-08
275  0  38.64  -95.97  0.22E-08
275  0  38.69  -95.97  0.54E-08
275  0  38.74  -95.97  0.13E-07
275  0  38.79  -95.97  0.24E-07
275  0  38.84  -95.97  0.49E-07
275  0  38.89  -95.97  0.11E-06
275  0  38.94  -95.97  0.16E-06
275  0  38.99  -95.97  0.25E-06
275  0  39.04  -95.97  0.36E-06
275  0  39.09  -95.97  0.47E-06
275  0  39.14  -95.97  0.47E-06
275  0  39.19  -95.97  0.28E-06
275  0  39.24  -95.97  0.11E-06
275  0  39.29  -95.97  0.18E-07
275  0  38.64  -95.92  0.81E-09
275  0  38.69  -95.92  0.19E-08
275  0  38.74  -95.92  0.62E-08
275  0  38.79  -95.92  0.14E-07
275  0  38.84  -95.92  0.26E-07
275  0  38.89  -95.92  0.41E-07
275  0  38.94  -95.92  0.68E-07
275  0  38.99  -95.92  0.86E-07
275  0  39.04  -95.92  0.14E-06
275  0  39.09  -95.92  0.16E-06
275  0  39.14  -95.92  0.12E-06
275  0  39.19  -95.92  0.70E-07
275  0  39.24  -95.92  0.16E-07
275  0  39.29  -95.92  0.81E-10
275  0  38.54  -95.87  0.12E-09
275  0  38.59  -95.87  0.85E-09
275  0  38.64  -95.87  0.57E-09
275  0  38.69  -95.87  0.24E-08
275  0  38.74  -95.87  0.37E-08
275  0  38.79  -95.87  0.10E-07
275  0  38.84  -95.87  0.18E-07
275  0  38.89  -95.87  0.23E-07
275  0  38.94  -95.87  0.24E-07
275  0  38.99  -95.87  0.40E-07
275  0  39.04  -95.87  0.44E-07
275  0  39.09  -95.87  0.40E-07
275  0  39.14  -95.87  0.24E-07
275  0  39.19  -95.87  0.78E-08
275  0  38.64  -95.82  0.34E-09
275  0  38.69  -95.82  0.16E-08
275  0  38.74  -95.82  0.25E-08
275  0  38.79  -95.82  0.32E-08
275  0  38.84  -95.82  0.69E-08
275  0  38.89  -95.82  0.67E-08
275  0  38.94  -95.82  0.10E-07
275  0  38.99  -95.82  0.11E-07
275  0  39.04  -95.82  0.70E-08
275  0  39.09  -95.82  0.72E-08
275  0  39.14  -95.82  0.29E-08
275  0  38.64  -95.77  0.41E-09
275  0  38.69  -95.77  0.10E-08
275  0  38.74  -95.77  0.33E-09
275  0  38.79  -95.77  0.57E-10
275  0  38.84  -95.77  0.30E-08
275  0  38.89  -95.77  0.38E-08
275  0  38.94  -95.77  0.40E-08
275  0  38.99  -95.77  0.43E-08
275  0  39.04  -95.77  0.29E-08
275  0  39.09  -95.77  0.15E-08
275  0  38.84  -95.72  0.52E-09
275  0  39.04  -95.72  0.11E-09
