DAY HR    LAT     LON CO2 10000
  9  0  37.59 -100.22  0.19E-13
  9  0  37.39 -100.17  0.48E-14
  9  0  37.44 -100.17  0.14E-13
  9  0  37.49 -100.17  0.48E-14
  9  0  37.59 -100.17  0.48E-14
  9  0  37.64 -100.17  0.14E-13
  9  0  37.29 -100.12  0.92E-14
  9  0  37.34 -100.12  0.46E-14
  9  0  37.44 -100.12  0.95E-14
  9  0  37.49 -100.12  0.24E-13
  9  0  37.54 -100.12  0.96E-14
  9  0  37.64 -100.12  0.18E-13
  9  0  37.34 -100.07  0.14E-13
  9  0  37.39 -100.07  0.49E-14
  9  0  37.49 -100.07  0.19E-13
  9  0  37.54 -100.07  0.33E-13
  9  0  37.59 -100.07  0.14E-13
  9  0  37.64 -100.07  0.80E-14
  9  0  37.69 -100.07  0.80E-14
  9  0  37.79 -100.07  0.19E-13
  9  0  37.84 -100.07  0.46E-14
  9  0  37.39 -100.02  0.29E-13
  9  0  37.44 -100.02  0.24E-13
  9  0  37.49 -100.02  0.19E-13
  9  0  37.54 -100.02  0.32E-13
  9  0  37.59 -100.02  0.18E-13
  9  0  37.64 -100.02  0.21E-13
  9  0  37.69 -100.02  0.16E-13
  9  0  37.84 -100.02  0.19E-13
  9  0  37.89 -100.02  0.12E-13
  9  0  37.29  -99.97  0.92E-14
  9  0  37.34  -99.97  0.14E-13
  9  0  37.44  -99.97  0.32E-13
  9  0  37.49  -99.97  0.53E-13
  9  0  37.54  -99.97  0.29E-13
  9  0  37.59  -99.97  0.47E-13
  9  0  37.64  -99.97  0.13E-13
  9  0  37.69  -99.97  0.24E-13
  9  0  37.74  -99.97  0.23E-13
  9  0  37.89  -99.97  0.15E-13
  9  0  37.94  -99.97  0.15E-13
  9  0  37.24  -99.92  0.48E-14
  9  0  37.29  -99.92  0.19E-13
  9  0  37.34  -99.92  0.28E-13
  9  0  37.39  -99.92  0.29E-13
  9  0  37.44  -99.92  0.33E-13
  9  0  37.49  -99.92  0.56E-13
  9  0  37.54  -99.92  0.58E-13
  9  0  37.59  -99.92  0.48E-13
  9  0  37.64  -99.92  0.53E-13
  9  0  37.69  -99.92  0.24E-13
  9  0  37.74  -99.92  0.39E-13
  9  0  37.79  -99.92  0.49E-13
  9  0  37.84  -99.92  0.49E-14
  9  0  37.94  -99.92  0.15E-13
  9  0  37.99  -99.92  0.77E-14
  9  0  36.94  -99.87  0.11E-13
  9  0  37.24  -99.87  0.48E-14
  9  0  37.29  -99.87  0.14E-13
  9  0  37.34  -99.87  0.19E-13
  9  0  37.39  -99.87  0.42E-13
  9  0  37.44  -99.87  0.66E-13
  9  0  37.49  -99.87  0.99E-13
  9  0  37.54  -99.87  0.67E-13
  9  0  37.59  -99.87  0.72E-13
  9  0  37.64  -99.87  0.80E-13
  9  0  37.69  -99.87  0.42E-13
  9  0  37.74  -99.87  0.37E-13
  9  0  37.79  -99.87  0.41E-13
  9  0  37.84  -99.87  0.33E-13
  9  0  37.89  -99.87  0.16E-13
  9  0  37.99  -99.87  0.23E-13
  9  0  36.74  -99.82  0.53E-14
  9  0  36.99  -99.82  0.11E-13
  9  0  37.04  -99.82  0.54E-14
  9  0  37.14  -99.82  0.95E-14
  9  0  37.19  -99.82  0.14E-13
  9  0  37.24  -99.82  0.30E-13
  9  0  37.29  -99.82  0.19E-13
  9  0  37.34  -99.82  0.11E-13
  9  0  37.39  -99.82  0.15E-13
  9  0  37.44  -99.82  0.32E-13
  9  0  37.49  -99.82  0.62E-13
  9  0  37.54  -99.82  0.14E-12
  9  0  37.59  -99.82  0.11E-12
  9  0  37.64  -99.82  0.80E-13
  9  0  37.69  -99.82  0.61E-13
  9  0  37.74  -99.82  0.34E-13
  9  0  37.79  -99.82  0.40E-13
  9  0  37.84  -99.82  0.35E-13
  9  0  37.89  -99.82  0.52E-13
  9  0  37.94  -99.82  0.16E-13
  9  0  38.04  -99.82  0.23E-13
  9  0  36.79  -99.77  0.11E-13
  9  0  36.84  -99.77  0.53E-14
  9  0  37.04  -99.77  0.11E-13
  9  0  37.09  -99.77  0.54E-14
  9  0  37.14  -99.77  0.48E-14
  9  0  37.19  -99.77  0.14E-13
  9  0  37.24  -99.77  0.19E-13
  9  0  37.29  -99.77  0.20E-13
  9  0  37.34  -99.77  0.43E-13
  9  0  37.39  -99.77  0.40E-13
  9  0  37.44  -99.77  0.21E-13
  9  0  37.49  -99.77  0.58E-13
  9  0  37.54  -99.77  0.84E-13
  9  0  37.59  -99.77  0.18E-12
  9  0  37.64  -99.77  0.17E-12
  9  0  37.69  -99.77  0.12E-12
  9  0  37.74  -99.77  0.56E-13
  9  0  37.79  -99.77  0.68E-13
  9  0  37.84  -99.77  0.33E-13
  9  0  37.89  -99.77  0.93E-13
  9  0  37.94  -99.77  0.38E-13
  9  0  37.99  -99.77  0.25E-13
  9  0  38.04  -99.77  0.23E-13
  9  0  36.89  -99.72  0.11E-13
  9  0  36.94  -99.72  0.53E-14
  9  0  36.99  -99.72  0.47E-14
  9  0  37.09  -99.72  0.54E-14
  9  0  37.14  -99.72  0.24E-13
  9  0  37.19  -99.72  0.19E-13
  9  0  37.24  -99.72  0.33E-13
  9  0  37.29  -99.72  0.19E-13
  9  0  37.34  -99.72  0.35E-13
  9  0  37.39  -99.72  0.39E-13
  9  0  37.44  -99.72  0.86E-13
  9  0  37.49  -99.72  0.55E-13
  9  0  37.54  -99.72  0.73E-13
  9  0  37.59  -99.72  0.12E-12
  9  0  37.64  -99.72  0.20E-12
  9  0  37.69  -99.72  0.20E-12
  9  0  37.74  -99.72  0.16E-12
  9  0  37.79  -99.72  0.64E-13
  9  0  37.84  -99.72  0.98E-13
  9  0  37.89  -99.72  0.69E-13
  9  0  37.94  -99.72  0.10E-12
  9  0  37.99  -99.72  0.16E-13
  9  0  38.04  -99.72  0.25E-13
  9  0  38.09  -99.72  0.17E-13
  9  0  36.94  -99.67  0.53E-14
  9  0  36.99  -99.67  0.15E-13
  9  0  37.04  -99.67  0.95E-14
  9  0  37.14  -99.67  0.54E-14
  9  0  37.19  -99.67  0.20E-13
  9  0  37.24  -99.67  0.15E-13
  9  0  37.29  -99.67  0.36E-13
  9  0  37.34  -99.67  0.50E-13
  9  0  37.39  -99.67  0.54E-13
  9  0  37.44  -99.67  0.70E-13
  9  0  37.49  -99.67  0.13E-12
  9  0  37.54  -99.67  0.79E-13
  9  0  37.59  -99.67  0.86E-13
  9  0  37.64  -99.67  0.16E-12
  9  0  37.69  -99.67  0.25E-12
  9  0  37.74  -99.67  0.21E-12
  9  0  37.79  -99.67  0.16E-12
  9  0  37.84  -99.67  0.57E-13
  9  0  37.89  -99.67  0.82E-13
  9  0  37.94  -99.67  0.12E-12
  9  0  37.99  -99.67  0.75E-13
  9  0  38.04  -99.67  0.25E-13
  9  0  38.09  -99.67  0.39E-13
  9  0  36.99  -99.62  0.49E-14
  9  0  37.04  -99.62  0.23E-13
  9  0  37.09  -99.62  0.38E-13
  9  0  37.19  -99.62  0.28E-13
  9  0  37.24  -99.62  0.55E-13
  9  0  37.29  -99.62  0.24E-13
  9  0  37.34  -99.62  0.44E-13
  9  0  37.39  -99.62  0.11E-12
  9  0  37.44  -99.62  0.46E-13
  9  0  37.49  -99.62  0.66E-13
  9  0  37.54  -99.62  0.15E-12
  9  0  37.59  -99.62  0.10E-12
  9  0  37.64  -99.62  0.10E-12
  9  0  37.69  -99.62  0.14E-12
  9  0  37.74  -99.62  0.25E-12
  9  0  37.79  -99.62  0.24E-12
  9  0  37.84  -99.62  0.17E-12
  9  0  37.89  -99.62  0.62E-13
  9  0  37.94  -99.62  0.72E-13
  9  0  37.99  -99.62  0.12E-12
  9  0  38.04  -99.62  0.49E-13
  9  0  38.09  -99.62  0.26E-13
  9  0  38.14  -99.62  0.28E-13
  9  0  36.99  -99.57  0.11E-13
  9  0  37.04  -99.57  0.98E-14
  9  0  37.09  -99.57  0.18E-13
  9  0  37.14  -99.57  0.28E-13
  9  0  37.19  -99.57  0.15E-13
  9  0  37.24  -99.57  0.34E-13
  9  0  37.29  -99.57  0.64E-13
  9  0  37.34  -99.57  0.45E-13
  9  0  37.39  -99.57  0.38E-13
  9  0  37.44  -99.57  0.17E-12
  9  0  37.49  -99.57  0.81E-13
  9  0  37.54  -99.57  0.76E-13
  9  0  37.59  -99.57  0.18E-12
  9  0  37.64  -99.57  0.14E-12
  9  0  37.69  -99.57  0.13E-12
  9  0  37.74  -99.57  0.18E-12
  9  0  37.79  -99.57  0.27E-12
  9  0  37.84  -99.57  0.24E-12
  9  0  37.89  -99.57  0.13E-12
  9  0  37.94  -99.57  0.71E-13
  9  0  37.99  -99.57  0.72E-13
  9  0  38.04  -99.57  0.11E-12
  9  0  38.09  -99.57  0.50E-13
  9  0  38.14  -99.57  0.32E-13
  9  0  38.19  -99.57  0.99E-14
  9  0  37.04  -99.52  0.11E-13
  9  0  37.09  -99.52  0.49E-14
  9  0  37.14  -99.52  0.23E-13
  9  0  37.19  -99.52  0.47E-13
  9  0  37.24  -99.52  0.27E-13
  9  0  37.29  -99.52  0.34E-13
  9  0  37.34  -99.52  0.10E-12
  9  0  37.39  -99.52  0.87E-13
  9  0  37.44  -99.52  0.64E-13
  9  0  37.49  -99.52  0.15E-12
  9  0  37.54  -99.52  0.92E-13
  9  0  37.59  -99.52  0.98E-13
  9  0  37.64  -99.52  0.26E-12
  9  0  37.69  -99.52  0.21E-12
  9  0  37.74  -99.52  0.21E-12
  9  0  37.79  -99.52  0.21E-12
  9  0  37.84  -99.52  0.25E-12
  9  0  37.89  -99.52  0.27E-12
  9  0  37.94  -99.52  0.96E-13
  9  0  37.99  -99.52  0.64E-13
  9  0  38.04  -99.52  0.99E-13
  9  0  38.09  -99.52  0.88E-13
  9  0  38.14  -99.52  0.42E-13
  9  0  38.19  -99.52  0.15E-13
  9  0  37.04  -99.47  0.10E-13
  9  0  37.09  -99.47  0.25E-13
  9  0  37.14  -99.47  0.19E-13
  9  0  37.19  -99.47  0.28E-13
  9  0  37.24  -99.47  0.37E-13
  9  0  37.29  -99.47  0.53E-13
  9  0  37.34  -99.47  0.97E-13
  9  0  37.39  -99.47  0.12E-12
  9  0  37.44  -99.47  0.12E-12
  9  0  37.49  -99.47  0.97E-13
  9  0  37.54  -99.47  0.16E-12
  9  0  37.59  -99.47  0.13E-12
  9  0  37.64  -99.47  0.93E-13
  9  0  37.69  -99.47  0.25E-12
  9  0  37.74  -99.47  0.27E-12
  9  0  37.79  -99.47  0.27E-12
  9  0  37.84  -99.47  0.24E-12
  9  0  37.89  -99.47  0.28E-12
  9  0  37.94  -99.47  0.29E-12
  9  0  37.99  -99.47  0.73E-13
  9  0  38.04  -99.47  0.64E-13
  9  0  38.09  -99.47  0.13E-12
  9  0  38.14  -99.47  0.66E-13
  9  0  38.19  -99.47  0.36E-13
  9  0  38.24  -99.47  0.20E-13
  9  0  37.14  -99.42  0.31E-13
  9  0  37.19  -99.42  0.29E-13
  9  0  37.24  -99.42  0.28E-13
  9  0  37.29  -99.42  0.51E-13
  9  0  37.34  -99.42  0.11E-12
  9  0  37.39  -99.42  0.13E-12
  9  0  37.44  -99.42  0.16E-12
  9  0  37.49  -99.42  0.18E-12
  9  0  37.54  -99.42  0.19E-12
  9  0  37.59  -99.42  0.19E-12
  9  0  37.64  -99.42  0.13E-12
  9  0  37.69  -99.42  0.14E-12
  9  0  37.74  -99.42  0.24E-12
  9  0  37.79  -99.42  0.33E-12
  9  0  37.84  -99.42  0.31E-12
  9  0  37.89  -99.42  0.20E-12
  9  0  37.94  -99.42  0.30E-12
  9  0  37.99  -99.42  0.28E-12
  9  0  38.04  -99.42  0.50E-13
  9  0  38.09  -99.42  0.86E-13
  9  0  38.14  -99.42  0.85E-13
  9  0  38.19  -99.42  0.58E-13
  9  0  38.24  -99.42  0.34E-13
  9  0  38.29  -99.42  0.50E-14
  9  0  36.99  -99.37  0.95E-14
  9  0  37.14  -99.37  0.10E-13
  9  0  37.19  -99.37  0.45E-13
  9  0  37.24  -99.37  0.56E-13
  9  0  37.29  -99.37  0.33E-13
  9  0  37.34  -99.37  0.67E-13
  9  0  37.39  -99.37  0.14E-12
  9  0  37.44  -99.37  0.16E-12
  9  0  37.49  -99.37  0.18E-12
  9  0  37.54  -99.37  0.24E-12
  9  0  37.59  -99.37  0.31E-12
  9  0  37.64  -99.37  0.20E-12
  9  0  37.69  -99.37  0.19E-12
  9  0  37.74  -99.37  0.17E-12
  9  0  37.79  -99.37  0.23E-12
  9  0  37.84  -99.37  0.35E-12
  9  0  37.89  -99.37  0.23E-12
  9  0  37.94  -99.37  0.23E-12
  9  0  37.99  -99.37  0.34E-12
  9  0  38.04  -99.37  0.19E-12
  9  0  38.09  -99.37  0.98E-13
  9  0  38.14  -99.37  0.11E-12
  9  0  38.19  -99.37  0.80E-13
  9  0  38.24  -99.37  0.43E-13
  9  0  38.29  -99.37  0.15E-13
  9  0  36.59  -99.32  0.51E-14
  9  0  36.64  -99.32  0.51E-14
  9  0  37.04  -99.32  0.95E-14
  9  0  37.19  -99.32  0.10E-13
  9  0  37.24  -99.32  0.30E-13
  9  0  37.29  -99.32  0.86E-13
  9  0  37.34  -99.32  0.91E-13
  9  0  37.39  -99.32  0.87E-13
  9  0  37.44  -99.32  0.14E-12
  9  0  37.49  -99.32  0.21E-12
  9  0  37.54  -99.32  0.21E-12
  9  0  37.59  -99.32  0.27E-12
  9  0  37.64  -99.32  0.38E-12
  9  0  37.69  -99.32  0.30E-12
  9  0  37.74  -99.32  0.26E-12
  9  0  37.79  -99.32  0.18E-12
  9  0  37.84  -99.32  0.24E-12
  9  0  37.89  -99.32  0.35E-12
  9  0  37.94  -99.32  0.31E-12
  9  0  37.99  -99.32  0.21E-12
  9  0  38.04  -99.32  0.32E-12
  9  0  38.09  -99.32  0.97E-13
  9  0  38.14  -99.32  0.12E-12
  9  0  38.19  -99.32  0.83E-13
  9  0  38.24  -99.32  0.39E-13
  9  0  38.29  -99.32  0.58E-13
  9  0  36.69  -99.27  0.10E-13
  9  0  37.04  -99.27  0.11E-13
  9  0  37.09  -99.27  0.20E-13
  9  0  37.14  -99.27  0.16E-13
  9  0  37.19  -99.27  0.15E-13
  9  0  37.24  -99.27  0.26E-13
  9  0  37.29  -99.27  0.19E-13
  9  0  37.34  -99.27  0.78E-13
  9  0  37.39  -99.27  0.99E-13
  9  0  37.44  -99.27  0.12E-12
  9  0  37.49  -99.27  0.14E-12
  9  0  37.54  -99.27  0.18E-12
  9  0  37.59  -99.27  0.32E-12
  9  0  37.64  -99.27  0.35E-12
  9  0  37.69  -99.27  0.40E-12
  9  0  37.74  -99.27  0.35E-12
  9  0  37.79  -99.27  0.25E-12
  9  0  37.84  -99.27  0.27E-12
  9  0  37.89  -99.27  0.25E-12
  9  0  37.94  -99.27  0.29E-12
  9  0  37.99  -99.27  0.35E-12
  9  0  38.04  -99.27  0.29E-12
  9  0  38.09  -99.27  0.21E-12
  9  0  38.14  -99.27  0.10E-12
  9  0  38.19  -99.27  0.11E-12
  9  0  38.24  -99.27  0.62E-13
  9  0  38.29  -99.27  0.49E-13
  9  0  38.34  -99.27  0.20E-13
  9  0  36.74  -99.22  0.10E-13
  9  0  36.79  -99.22  0.51E-14
  9  0  37.09  -99.22  0.11E-13
  9  0  37.14  -99.22  0.20E-13
  9  0  37.19  -99.22  0.47E-13
  9  0  37.24  -99.22  0.58E-13
  9  0  37.29  -99.22  0.57E-13
  9  0  37.34  -99.22  0.36E-13
  9  0  37.39  -99.22  0.44E-13
  9  0  37.44  -99.22  0.11E-12
  9  0  37.49  -99.22  0.14E-12
  9  0  37.54  -99.22  0.23E-12
  9  0  37.59  -99.22  0.22E-12
  9  0  37.64  -99.22  0.31E-12
  9  0  37.69  -99.22  0.46E-12
  9  0  37.74  -99.22  0.36E-12
  9  0  37.79  -99.22  0.39E-12
  9  0  37.84  -99.22  0.29E-12
  9  0  37.89  -99.22  0.33E-12
  9  0  37.94  -99.22  0.29E-12
  9  0  37.99  -99.22  0.32E-12
  9  0  38.04  -99.22  0.33E-12
  9  0  38.09  -99.22  0.33E-12
  9  0  38.14  -99.22  0.17E-12
  9  0  38.19  -99.22  0.74E-13
  9  0  38.24  -99.22  0.11E-12
  9  0  38.29  -99.22  0.53E-13
  9  0  38.34  -99.22  0.53E-13
  9  0  36.84  -99.17  0.15E-13
  9  0  36.89  -99.17  0.85E-14
  9  0  37.09  -99.17  0.10E-13
  9  0  37.14  -99.17  0.21E-13
  9  0  37.19  -99.17  0.29E-13
  9  0  37.24  -99.17  0.62E-13
  9  0  37.29  -99.17  0.75E-13
  9  0  37.34  -99.17  0.74E-13
  9  0  37.39  -99.17  0.12E-12
  9  0  37.44  -99.17  0.12E-12
  9  0  37.49  -99.17  0.11E-12
  9  0  37.54  -99.17  0.18E-12
  9  0  37.59  -99.17  0.25E-12
  9  0  37.64  -99.17  0.29E-12
  9  0  37.69  -99.17  0.38E-12
  9  0  37.74  -99.17  0.49E-12
  9  0  37.79  -99.17  0.44E-12
  9  0  37.84  -99.17  0.44E-12
  9  0  37.89  -99.17  0.39E-12
  9  0  37.94  -99.17  0.32E-12
  9  0  37.99  -99.17  0.25E-12
  9  0  38.04  -99.17  0.36E-12
  9  0  38.09  -99.17  0.41E-12
  9  0  38.14  -99.17  0.30E-12
  9  0  38.19  -99.17  0.88E-13
  9  0  38.24  -99.17  0.61E-13
  9  0  38.29  -99.17  0.49E-13
  9  0  38.34  -99.17  0.86E-13
  9  0  38.39  -99.17  0.20E-13
  9  0  36.94  -99.12  0.85E-14
  9  0  37.14  -99.12  0.15E-13
  9  0  37.19  -99.12  0.27E-13
  9  0  37.24  -99.12  0.40E-13
  9  0  37.29  -99.12  0.49E-13
  9  0  37.34  -99.12  0.12E-12
  9  0  37.39  -99.12  0.10E-12
  9  0  37.44  -99.12  0.15E-12
  9  0  37.49  -99.12  0.19E-12
  9  0  37.54  -99.12  0.19E-12
  9  0  37.59  -99.12  0.21E-12
  9  0  37.64  -99.12  0.31E-12
  9  0  37.69  -99.12  0.31E-12
  9  0  37.74  -99.12  0.45E-12
  9  0  37.79  -99.12  0.53E-12
  9  0  37.84  -99.12  0.37E-12
  9  0  37.89  -99.12  0.44E-12
  9  0  37.94  -99.12  0.45E-12
  9  0  37.99  -99.12  0.32E-12
  9  0  38.04  -99.12  0.24E-12
  9  0  38.09  -99.12  0.35E-12
  9  0  38.14  -99.12  0.39E-12
  9  0  38.19  -99.12  0.25E-12
  9  0  38.24  -99.12  0.55E-13
  9  0  38.29  -99.12  0.80E-13
  9  0  38.34  -99.12  0.38E-13
  9  0  38.39  -99.12  0.59E-13
  9  0  38.44  -99.12  0.10E-13
  9  0  36.99  -99.07  0.17E-13
  9  0  37.04  -99.07  0.85E-14
  9  0  37.19  -99.07  0.11E-13
  9  0  37.24  -99.07  0.26E-13
  9  0  37.29  -99.07  0.60E-13
  9  0  37.34  -99.07  0.31E-13
  9  0  37.39  -99.07  0.91E-13
  9  0  37.44  -99.07  0.15E-12
  9  0  37.49  -99.07  0.14E-12
  9  0  37.54  -99.07  0.21E-12
  9  0  37.59  -99.07  0.33E-12
  9  0  37.64  -99.07  0.28E-12
  9  0  37.69  -99.07  0.34E-12
  9  0  37.74  -99.07  0.39E-12
  9  0  37.79  -99.07  0.50E-12
  9  0  37.84  -99.07  0.59E-12
  9  0  37.89  -99.07  0.36E-12
  9  0  37.94  -99.07  0.47E-12
  9  0  37.99  -99.07  0.41E-12
  9  0  38.04  -99.07  0.35E-12
  9  0  38.09  -99.07  0.33E-12
  9  0  38.14  -99.07  0.34E-12
  9  0  38.19  -99.07  0.41E-12
  9  0  38.24  -99.07  0.14E-12
  9  0  38.29  -99.07  0.60E-13
  9  0  38.34  -99.07  0.61E-13
  9  0  38.39  -99.07  0.77E-13
  9  0  38.44  -99.07  0.15E-13
  9  0  37.09  -99.02  0.14E-13
  9  0  37.14  -99.02  0.85E-14
  9  0  37.19  -99.02  0.49E-14
  9  0  37.24  -99.02  0.11E-13
  9  0  37.29  -99.02  0.35E-13
  9  0  37.34  -99.02  0.59E-13
  9  0  37.39  -99.02  0.70E-13
  9  0  37.44  -99.02  0.90E-13
  9  0  37.49  -99.02  0.19E-12
  9  0  37.54  -99.02  0.18E-12
  9  0  37.59  -99.02  0.23E-12
  9  0  37.64  -99.02  0.38E-12
  9  0  37.69  -99.02  0.34E-12
  9  0  37.74  -99.02  0.36E-12
  9  0  37.79  -99.02  0.53E-12
  9  0  37.84  -99.02  0.53E-12
  9  0  37.89  -99.02  0.60E-12
  9  0  37.94  -99.02  0.44E-12
  9  0  37.99  -99.02  0.54E-12
  9  0  38.04  -99.02  0.40E-12
  9  0  38.09  -99.02  0.37E-12
  9  0  38.14  -99.02  0.41E-12
  9  0  38.19  -99.02  0.29E-12
  9  0  38.24  -99.02  0.36E-12
  9  0  38.29  -99.02  0.90E-13
  9  0  38.34  -99.02  0.60E-13
  9  0  38.39  -99.02  0.44E-13
  9  0  38.44  -99.02  0.39E-13
  9  0  38.49  -99.02  0.10E-13
  9  0  37.14  -98.97  0.19E-13
  9  0  37.19  -98.97  0.19E-13
  9  0  37.24  -98.97  0.26E-13
  9  0  37.29  -98.97  0.56E-14
  9  0  37.34  -98.97  0.52E-13
  9  0  37.39  -98.97  0.38E-13
  9  0  37.44  -98.97  0.11E-12
  9  0  37.49  -98.97  0.85E-13
  9  0  37.54  -98.97  0.22E-12
  9  0  37.59  -98.97  0.14E-12
  9  0  37.64  -98.97  0.25E-12
  9  0  37.69  -98.97  0.43E-12
  9  0  37.74  -98.97  0.46E-12
  9  0  37.79  -98.97  0.46E-12
  9  0  37.84  -98.97  0.60E-12
  9  0  37.89  -98.97  0.65E-12
  9  0  37.94  -98.97  0.62E-12
  9  0  37.99  -98.97  0.55E-12
  9  0  38.04  -98.97  0.59E-12
  9  0  38.09  -98.97  0.36E-12
  9  0  38.14  -98.97  0.41E-12
  9  0  38.19  -98.97  0.39E-12
  9  0  38.24  -98.97  0.27E-12
  9  0  38.29  -98.97  0.22E-12
  9  0  38.34  -98.97  0.65E-13
  9  0  38.39  -98.97  0.51E-13
  9  0  38.44  -98.97  0.49E-13
  9  0  38.49  -98.97  0.10E-13
  9  0  37.19  -98.92  0.53E-14
  9  0  37.24  -98.92  0.28E-13
  9  0  37.29  -98.92  0.60E-13
  9  0  37.34  -98.92  0.62E-13
  9  0  37.39  -98.92  0.78E-13
  9  0  37.44  -98.92  0.47E-13
  9  0  37.49  -98.92  0.12E-12
  9  0  37.54  -98.92  0.14E-12
  9  0  37.59  -98.92  0.24E-12
  9  0  37.64  -98.92  0.24E-12
  9  0  37.69  -98.92  0.26E-12
  9  0  37.74  -98.92  0.45E-12
  9  0  37.79  -98.92  0.60E-12
  9  0  37.84  -98.92  0.53E-12
  9  0  37.89  -98.92  0.68E-12
  9  0  37.94  -98.92  0.69E-12
  9  0  37.99  -98.92  0.55E-12
  9  0  38.04  -98.92  0.58E-12
  9  0  38.09  -98.92  0.58E-12
  9  0  38.14  -98.92  0.47E-12
  9  0  38.19  -98.92  0.44E-12
  9  0  38.24  -98.92  0.31E-12
  9  0  38.29  -98.92  0.29E-12
  9  0  38.34  -98.92  0.11E-12
  9  0  38.39  -98.92  0.60E-13
  9  0  38.44  -98.92  0.50E-13
  9  0  38.49  -98.92  0.39E-13
  9  0  37.14  -98.87  0.11E-13
  9  0  37.29  -98.87  0.53E-14
  9  0  37.34  -98.87  0.73E-13
  9  0  37.39  -98.87  0.11E-12
  9  0  37.44  -98.87  0.92E-13
  9  0  37.49  -98.87  0.76E-13
  9  0  37.54  -98.87  0.10E-12
  9  0  37.59  -98.87  0.14E-12
  9  0  37.64  -98.87  0.23E-12
  9  0  37.69  -98.87  0.24E-12
  9  0  37.74  -98.87  0.27E-12
  9  0  37.79  -98.87  0.40E-12
  9  0  37.84  -98.87  0.63E-12
  9  0  37.89  -98.87  0.57E-12
  9  0  37.94  -98.87  0.73E-12
  9  0  37.99  -98.87  0.79E-12
  9  0  38.04  -98.87  0.51E-12
  9  0  38.09  -98.87  0.64E-12
  9  0  38.14  -98.87  0.46E-12
  9  0  38.19  -98.87  0.52E-12
  9  0  38.24  -98.87  0.43E-12
  9  0  38.29  -98.87  0.27E-12
  9  0  38.34  -98.87  0.19E-12
  9  0  38.39  -98.87  0.82E-13
  9  0  38.44  -98.87  0.56E-13
  9  0  38.49  -98.87  0.44E-13
  9  0  38.54  -98.87  0.10E-13
  9  0  37.19  -98.82  0.11E-13
  9  0  37.24  -98.82  0.53E-14
  9  0  37.29  -98.82  0.16E-13
  9  0  37.34  -98.82  0.21E-13
  9  0  37.39  -98.82  0.51E-13
  9  0  37.44  -98.82  0.14E-12
  9  0  37.49  -98.82  0.17E-12
  9  0  37.54  -98.82  0.12E-12
  9  0  37.59  -98.82  0.77E-13
  9  0  37.64  -98.82  0.19E-12
  9  0  37.69  -98.82  0.25E-12
  9  0  37.74  -98.82  0.33E-12
  9  0  37.79  -98.82  0.33E-12
  9  0  37.84  -98.82  0.52E-12
  9  0  37.89  -98.82  0.65E-12
  9  0  37.94  -98.82  0.61E-12
  9  0  37.99  -98.82  0.88E-12
  9  0  38.04  -98.82  0.81E-12
  9  0  38.09  -98.82  0.56E-12
  9  0  38.14  -98.82  0.63E-12
  9  0  38.19  -98.82  0.49E-12
  9  0  38.24  -98.82  0.63E-12
  9  0  38.29  -98.82  0.35E-12
  9  0  38.34  -98.82  0.27E-12
  9  0  38.39  -98.82  0.10E-12
  9  0  38.44  -98.82  0.81E-13
  9  0  38.49  -98.82  0.35E-13
  9  0  38.54  -98.82  0.29E-13
  9  0  37.24  -98.77  0.53E-14
  9  0  37.29  -98.77  0.10E-13
  9  0  37.34  -98.77  0.11E-13
  9  0  37.39  -98.77  0.26E-13
  9  0  37.44  -98.77  0.34E-13
  9  0  37.49  -98.77  0.14E-12
  9  0  37.54  -98.77  0.18E-12
  9  0  37.59  -98.77  0.19E-12
  9  0  37.64  -98.77  0.17E-12
  9  0  37.69  -98.77  0.18E-12
  9  0  37.74  -98.77  0.28E-12
  9  0  37.79  -98.77  0.34E-12
  9  0  37.84  -98.77  0.39E-12
  9  0  37.89  -98.77  0.54E-12
  9  0  37.94  -98.77  0.73E-12
  9  0  37.99  -98.77  0.72E-12
  9  0  38.04  -98.77  0.10E-11
  9  0  38.09  -98.77  0.74E-12
  9  0  38.14  -98.77  0.67E-12
  9  0  38.19  -98.77  0.54E-12
  9  0  38.24  -98.77  0.51E-12
  9  0  38.29  -98.77  0.58E-12
  9  0  38.34  -98.77  0.34E-12
  9  0  38.39  -98.77  0.17E-12
  9  0  38.44  -98.77  0.67E-13
  9  0  38.49  -98.77  0.61E-13
  9  0  38.54  -98.77  0.35E-13
  9  0  37.24  -98.72  0.11E-13
  9  0  37.29  -98.72  0.11E-13
  9  0  37.34  -98.72  0.21E-13
  9  0  37.39  -98.72  0.16E-13
  9  0  37.44  -98.72  0.27E-13
  9  0  37.49  -98.72  0.51E-13
  9  0  37.54  -98.72  0.13E-12
  9  0  37.59  -98.72  0.25E-12
  9  0  37.64  -98.72  0.27E-12
  9  0  37.69  -98.72  0.22E-12
  9  0  37.74  -98.72  0.24E-12
  9  0  37.79  -98.72  0.34E-12
  9  0  37.84  -98.72  0.38E-12
  9  0  37.89  -98.72  0.40E-12
  9  0  37.94  -98.72  0.61E-12
  9  0  37.99  -98.72  0.76E-12
  9  0  38.04  -98.72  0.75E-12
  9  0  38.09  -98.72  0.10E-11
  9  0  38.14  -98.72  0.78E-12
  9  0  38.19  -98.72  0.66E-12
  9  0  38.24  -98.72  0.43E-12
  9  0  38.29  -98.72  0.59E-12
  9  0  38.34  -98.72  0.46E-12
  9  0  38.39  -98.72  0.25E-12
  9  0  38.44  -98.72  0.99E-13
  9  0  38.49  -98.72  0.92E-13
  9  0  38.54  -98.72  0.34E-13
  9  0  38.59  -98.72  0.20E-13
  9  0  37.19  -98.67  0.54E-14
  9  0  37.24  -98.67  0.54E-14
  9  0  37.29  -98.67  0.56E-14
  9  0  37.34  -98.67  0.25E-13
  9  0  37.39  -98.67  0.46E-13
  9  0  37.44  -98.67  0.36E-13
  9  0  37.49  -98.67  0.68E-13
  9  0  37.54  -98.67  0.73E-13
  9  0  37.59  -98.67  0.13E-12
  9  0  37.64  -98.67  0.30E-12
  9  0  37.69  -98.67  0.28E-12
  9  0  37.74  -98.67  0.39E-12
  9  0  37.79  -98.67  0.38E-12
  9  0  37.84  -98.67  0.30E-12
  9  0  37.89  -98.67  0.45E-12
  9  0  37.94  -98.67  0.52E-12
  9  0  37.99  -98.67  0.70E-12
  9  0  38.04  -98.67  0.75E-12
  9  0  38.09  -98.67  0.89E-12
  9  0  38.14  -98.67  0.84E-12
  9  0  38.19  -98.67  0.80E-12
  9  0  38.24  -98.67  0.68E-12
  9  0  38.29  -98.67  0.44E-12
  9  0  38.34  -98.67  0.55E-12
  9  0  38.39  -98.67  0.45E-12
  9  0  38.44  -98.67  0.12E-12
  9  0  38.49  -98.67  0.61E-13
  9  0  38.54  -98.67  0.56E-13
  9  0  38.59  -98.67  0.34E-13
  9  0  37.24  -98.62  0.11E-13
  9  0  37.29  -98.62  0.16E-13
  9  0  37.34  -98.62  0.16E-13
  9  0  37.39  -98.62  0.55E-14
  9  0  37.44  -98.62  0.42E-13
  9  0  37.49  -98.62  0.60E-13
  9  0  37.54  -98.62  0.82E-13
  9  0  37.59  -98.62  0.10E-12
  9  0  37.64  -98.62  0.14E-12
  9  0  37.69  -98.62  0.32E-12
  9  0  37.74  -98.62  0.36E-12
  9  0  37.79  -98.62  0.47E-12
  9  0  37.84  -98.62  0.55E-12
  9  0  37.89  -98.62  0.48E-12
  9  0  37.94  -98.62  0.48E-12
  9  0  37.99  -98.62  0.59E-12
  9  0  38.04  -98.62  0.71E-12
  9  0  38.09  -98.62  0.91E-12
  9  0  38.14  -98.62  0.10E-11
  9  0  38.19  -98.62  0.83E-12
  9  0  38.24  -98.62  0.82E-12
  9  0  38.29  -98.62  0.50E-12
  9  0  38.34  -98.62  0.55E-12
  9  0  38.39  -98.62  0.47E-12
  9  0  38.44  -98.62  0.25E-12
  9  0  38.49  -98.62  0.99E-13
  9  0  38.54  -98.62  0.92E-13
  9  0  38.59  -98.62  0.40E-13
  9  0  37.39  -98.57  0.20E-13
  9  0  37.44  -98.57  0.31E-13
  9  0  37.49  -98.57  0.56E-13
  9  0  37.54  -98.57  0.82E-13
  9  0  37.59  -98.57  0.11E-12
  9  0  37.64  -98.57  0.17E-12
  9  0  37.69  -98.57  0.23E-12
  9  0  37.74  -98.57  0.34E-12
  9  0  37.79  -98.57  0.35E-12
  9  0  37.84  -98.57  0.45E-12
  9  0  37.89  -98.57  0.54E-12
  9  0  37.94  -98.57  0.51E-12
  9  0  37.99  -98.57  0.61E-12
  9  0  38.04  -98.57  0.67E-12
  9  0  38.09  -98.57  0.90E-12
  9  0  38.14  -98.57  0.12E-11
  9  0  38.19  -98.57  0.93E-12
  9  0  38.24  -98.57  0.81E-12
  9  0  38.29  -98.57  0.88E-12
  9  0  38.34  -98.57  0.46E-12
  9  0  38.39  -98.57  0.49E-12
  9  0  38.44  -98.57  0.47E-12
  9  0  38.49  -98.57  0.12E-12
  9  0  38.54  -98.57  0.77E-13
  9  0  38.59  -98.57  0.36E-13
  9  0  38.64  -98.57  0.25E-13
  9  0  37.49  -98.52  0.23E-13
  9  0  37.54  -98.52  0.59E-13
  9  0  37.59  -98.52  0.11E-12
  9  0  37.64  -98.52  0.96E-13
  9  0  37.69  -98.52  0.19E-12
  9  0  37.74  -98.52  0.29E-12
  9  0  37.79  -98.52  0.42E-12
  9  0  37.84  -98.52  0.39E-12
  9  0  37.89  -98.52  0.53E-12
  9  0  37.94  -98.52  0.65E-12
  9  0  37.99  -98.52  0.64E-12
  9  0  38.04  -98.52  0.66E-12
  9  0  38.09  -98.52  0.75E-12
  9  0  38.14  -98.52  0.96E-12
  9  0  38.19  -98.52  0.13E-11
  9  0  38.24  -98.52  0.11E-11
  9  0  38.29  -98.52  0.87E-12
  9  0  38.34  -98.52  0.72E-12
  9  0  38.39  -98.52  0.50E-12
  9  0  38.44  -98.52  0.40E-12
  9  0  38.49  -98.52  0.23E-12
  9  0  38.54  -98.52  0.11E-12
  9  0  38.59  -98.52  0.73E-13
  9  0  38.64  -98.52  0.30E-13
  9  0  37.44  -98.47  0.55E-14
  9  0  37.49  -98.47  0.33E-13
  9  0  37.54  -98.47  0.53E-13
  9  0  37.59  -98.47  0.89E-13
  9  0  37.64  -98.47  0.13E-12
  9  0  37.69  -98.47  0.18E-12
  9  0  37.74  -98.47  0.20E-12
  9  0  37.79  -98.47  0.33E-12
  9  0  37.84  -98.47  0.44E-12
  9  0  37.89  -98.47  0.45E-12
  9  0  37.94  -98.47  0.53E-12
  9  0  37.99  -98.47  0.66E-12
  9  0  38.04  -98.47  0.86E-12
  9  0  38.09  -98.47  0.85E-12
  9  0  38.14  -98.47  0.96E-12
  9  0  38.19  -98.47  0.10E-11
  9  0  38.24  -98.47  0.12E-11
  9  0  38.29  -98.47  0.99E-12
  9  0  38.34  -98.47  0.94E-12
  9  0  38.39  -98.47  0.63E-12
  9  0  38.44  -98.47  0.48E-12
  9  0  38.49  -98.47  0.38E-12
  9  0  38.54  -98.47  0.14E-12
  9  0  38.59  -98.47  0.12E-12
  9  0  38.64  -98.47  0.30E-13
  9  0  37.54  -98.42  0.33E-13
  9  0  37.59  -98.42  0.60E-13
  9  0  37.64  -98.42  0.10E-12
  9  0  37.69  -98.42  0.19E-12
  9  0  37.74  -98.42  0.20E-12
  9  0  37.79  -98.42  0.28E-12
  9  0  37.84  -98.42  0.42E-12
  9  0  37.89  -98.42  0.51E-12
  9  0  37.94  -98.42  0.51E-12
  9  0  37.99  -98.42  0.65E-12
  9  0  38.04  -98.42  0.53E-12
  9  0  38.09  -98.42  0.81E-12
  9  0  38.14  -98.42  0.99E-12
  9  0  38.19  -98.42  0.11E-11
  9  0  38.24  -98.42  0.12E-11
  9  0  38.29  -98.42  0.11E-11
  9  0  38.34  -98.42  0.98E-12
  9  0  38.39  -98.42  0.84E-12
  9  0  38.44  -98.42  0.52E-12
  9  0  38.49  -98.42  0.39E-12
  9  0  38.54  -98.42  0.16E-12
  9  0  38.59  -98.42  0.15E-12
  9  0  38.64  -98.42  0.62E-13
  9  0  38.69  -98.42  0.97E-14
  9  0  37.44  -98.37  0.10E-13
  9  0  37.49  -98.37  0.51E-14
  9  0  37.54  -98.37  0.11E-13
  9  0  37.59  -98.37  0.38E-13
  9  0  37.64  -98.37  0.98E-13
  9  0  37.69  -98.37  0.13E-12
  9  0  37.74  -98.37  0.17E-12
  9  0  37.79  -98.37  0.24E-12
  9  0  37.84  -98.37  0.30E-12
  9  0  37.89  -98.37  0.42E-12
  9  0  37.94  -98.37  0.50E-12
  9  0  37.99  -98.37  0.66E-12
  9  0  38.04  -98.37  0.72E-12
  9  0  38.09  -98.37  0.61E-12
  9  0  38.14  -98.37  0.75E-12
  9  0  38.19  -98.37  0.11E-11
  9  0  38.24  -98.37  0.12E-11
  9  0  38.29  -98.37  0.12E-11
  9  0  38.34  -98.37  0.11E-11
  9  0  38.39  -98.37  0.95E-12
  9  0  38.44  -98.37  0.78E-12
  9  0  38.49  -98.37  0.44E-12
  9  0  38.54  -98.37  0.30E-12
  9  0  38.59  -98.37  0.10E-12
  9  0  38.64  -98.37  0.14E-12
  9  0  38.69  -98.37  0.30E-13
  9  0  37.39  -98.32  0.56E-14
  9  0  37.49  -98.32  0.21E-13
  9  0  37.54  -98.32  0.15E-13
  9  0  37.59  -98.32  0.21E-13
  9  0  37.64  -98.32  0.48E-13
  9  0  37.69  -98.32  0.10E-12
  9  0  37.74  -98.32  0.22E-12
  9  0  37.79  -98.32  0.29E-12
  9  0  37.84  -98.32  0.30E-12
  9  0  37.89  -98.32  0.33E-12
  9  0  37.94  -98.32  0.45E-12
  9  0  37.99  -98.32  0.56E-12
  9  0  38.04  -98.32  0.66E-12
  9  0  38.09  -98.32  0.87E-12
  9  0  38.14  -98.32  0.80E-12
  9  0  38.19  -98.32  0.93E-12
  9  0  38.24  -98.32  0.13E-11
  9  0  38.29  -98.32  0.13E-11
  9  0  38.34  -98.32  0.13E-11
  9  0  38.39  -98.32  0.11E-11
  9  0  38.44  -98.32  0.73E-12
  9  0  38.49  -98.32  0.67E-12
  9  0  38.54  -98.32  0.39E-12
  9  0  38.59  -98.32  0.16E-12
  9  0  38.64  -98.32  0.14E-12
  9  0  38.69  -98.32  0.51E-13
  9  0  37.39  -98.27  0.56E-14
  9  0  37.44  -98.27  0.11E-13
  9  0  37.49  -98.27  0.55E-14
  9  0  37.54  -98.27  0.16E-13
  9  0  37.59  -98.27  0.21E-13
  9  0  37.64  -98.27  0.37E-13
  9  0  37.69  -98.27  0.90E-13
  9  0  37.74  -98.27  0.11E-12
  9  0  37.79  -98.27  0.19E-12
  9  0  37.84  -98.27  0.41E-12
  9  0  37.89  -98.27  0.48E-12
  9  0  37.94  -98.27  0.48E-12
  9  0  37.99  -98.27  0.51E-12
  9  0  38.04  -98.27  0.65E-12
  9  0  38.09  -98.27  0.62E-12
  9  0  38.14  -98.27  0.91E-12
  9  0  38.19  -98.27  0.70E-12
  9  0  38.24  -98.27  0.12E-11
  9  0  38.29  -98.27  0.12E-11
  9  0  38.34  -98.27  0.13E-11
  9  0  38.39  -98.27  0.13E-11
  9  0  38.44  -98.27  0.12E-11
  9  0  38.49  -98.27  0.69E-12
  9  0  38.54  -98.27  0.48E-12
  9  0  38.59  -98.27  0.26E-12
  9  0  38.64  -98.27  0.12E-12
  9  0  38.69  -98.27  0.90E-13
  9  0  38.74  -98.27  0.97E-14
  9  0  37.39  -98.22  0.11E-13
  9  0  37.44  -98.22  0.53E-14
  9  0  37.49  -98.22  0.11E-13
  9  0  37.54  -98.22  0.56E-14
  9  0  37.59  -98.22  0.55E-14
  9  0  37.64  -98.22  0.54E-13
  9  0  37.69  -98.22  0.44E-13
  9  0  37.74  -98.22  0.12E-12
  9  0  37.79  -98.22  0.14E-12
  9  0  37.84  -98.22  0.13E-12
  9  0  37.89  -98.22  0.40E-12
  9  0  37.94  -98.22  0.59E-12
  9  0  37.99  -98.22  0.63E-12
  9  0  38.04  -98.22  0.61E-12
  9  0  38.09  -98.22  0.72E-12
  9  0  38.14  -98.22  0.69E-12
  9  0  38.19  -98.22  0.10E-11
  9  0  38.24  -98.22  0.81E-12
  9  0  38.29  -98.22  0.12E-11
  9  0  38.34  -98.22  0.12E-11
  9  0  38.39  -98.22  0.14E-11
  9  0  38.44  -98.22  0.13E-11
  9  0  38.49  -98.22  0.98E-12
  9  0  38.54  -98.22  0.54E-12
  9  0  38.59  -98.22  0.36E-12
  9  0  38.64  -98.22  0.17E-12
  9  0  38.69  -98.22  0.14E-12
  9  0  38.74  -98.22  0.15E-13
  9  0  37.44  -98.17  0.11E-13
  9  0  37.49  -98.17  0.11E-13
  9  0  37.54  -98.17  0.56E-14
  9  0  37.59  -98.17  0.11E-13
  9  0  37.64  -98.17  0.94E-14
  9  0  37.69  -98.17  0.33E-13
  9  0  37.74  -98.17  0.42E-13
  9  0  37.79  -98.17  0.11E-12
  9  0  37.84  -98.17  0.23E-12
  9  0  37.89  -98.17  0.15E-12
  9  0  37.94  -98.17  0.27E-12
  9  0  37.99  -98.17  0.57E-12
  9  0  38.04  -98.17  0.67E-12
  9  0  38.09  -98.17  0.79E-12
  9  0  38.14  -98.17  0.91E-12
  9  0  38.19  -98.17  0.81E-12
  9  0  38.24  -98.17  0.99E-12
  9  0  38.29  -98.17  0.11E-11
  9  0  38.34  -98.17  0.12E-11
  9  0  38.39  -98.17  0.13E-11
  9  0  38.44  -98.17  0.13E-11
  9  0  38.49  -98.17  0.13E-11
  9  0  38.54  -98.17  0.77E-12
  9  0  38.59  -98.17  0.47E-12
  9  0  38.64  -98.17  0.22E-12
  9  0  38.69  -98.17  0.14E-12
  9  0  38.74  -98.17  0.57E-13
  9  0  37.49  -98.12  0.11E-13
  9  0  37.54  -98.12  0.32E-13
  9  0  37.64  -98.12  0.94E-14
  9  0  37.69  -98.12  0.20E-13
  9  0  37.74  -98.12  0.65E-13
  9  0  37.79  -98.12  0.61E-13
  9  0  37.84  -98.12  0.94E-13
  9  0  37.89  -98.12  0.26E-12
  9  0  37.94  -98.12  0.29E-12
  9  0  37.99  -98.12  0.31E-12
  9  0  38.04  -98.12  0.49E-12
  9  0  38.09  -98.12  0.71E-12
  9  0  38.14  -98.12  0.80E-12
  9  0  38.19  -98.12  0.92E-12
  9  0  38.24  -98.12  0.97E-12
  9  0  38.29  -98.12  0.12E-11
  9  0  38.34  -98.12  0.12E-11
  9  0  38.39  -98.12  0.12E-11
  9  0  38.44  -98.12  0.14E-11
  9  0  38.49  -98.12  0.14E-11
  9  0  38.54  -98.12  0.99E-12
  9  0  38.59  -98.12  0.69E-12
  9  0  38.64  -98.12  0.31E-12
  9  0  38.69  -98.12  0.17E-12
  9  0  38.74  -98.12  0.11E-12
  9  0  38.79  -98.12  0.49E-14
  9  0  37.54  -98.07  0.56E-14
  9  0  37.59  -98.07  0.37E-13
  9  0  37.64  -98.07  0.42E-13
  9  0  37.69  -98.07  0.33E-13
  9  0  37.74  -98.07  0.70E-13
  9  0  37.79  -98.07  0.14E-12
  9  0  37.84  -98.07  0.16E-12
  9  0  37.89  -98.07  0.21E-12
  9  0  37.94  -98.07  0.28E-12
  9  0  37.99  -98.07  0.44E-12
  9  0  38.04  -98.07  0.50E-12
  9  0  38.09  -98.07  0.57E-12
  9  0  38.14  -98.07  0.81E-12
  9  0  38.19  -98.07  0.80E-12
  9  0  38.24  -98.07  0.99E-12
  9  0  38.29  -98.07  0.92E-12
  9  0  38.34  -98.07  0.15E-11
  9  0  38.39  -98.07  0.11E-11
  9  0  38.44  -98.07  0.14E-11
  9  0  38.49  -98.07  0.14E-11
  9  0  38.54  -98.07  0.13E-11
  9  0  38.59  -98.07  0.77E-12
  9  0  38.64  -98.07  0.49E-12
  9  0  38.69  -98.07  0.22E-12
  9  0  38.74  -98.07  0.13E-12
  9  0  38.79  -98.07  0.15E-13
  9  0  37.64  -98.02  0.29E-13
  9  0  37.69  -98.02  0.64E-13
  9  0  37.74  -98.02  0.54E-13
  9  0  37.79  -98.02  0.85E-13
  9  0  37.84  -98.02  0.13E-12
  9  0  37.89  -98.02  0.25E-12
  9  0  37.94  -98.02  0.32E-12
  9  0  37.99  -98.02  0.40E-12
  9  0  38.04  -98.02  0.51E-12
  9  0  38.09  -98.02  0.54E-12
  9  0  38.14  -98.02  0.65E-12
  9  0  38.19  -98.02  0.90E-12
  9  0  38.24  -98.02  0.99E-12
  9  0  38.29  -98.02  0.10E-11
  9  0  38.34  -98.02  0.12E-11
  9  0  38.39  -98.02  0.15E-11
  9  0  38.44  -98.02  0.12E-11
  9  0  38.49  -98.02  0.14E-11
  9  0  38.54  -98.02  0.14E-11
  9  0  38.59  -98.02  0.93E-12
  9  0  38.64  -98.02  0.67E-12
  9  0  38.69  -98.02  0.28E-12
  9  0  38.74  -98.02  0.20E-12
  9  0  38.79  -98.02  0.42E-13
  9  0  37.64  -97.97  0.51E-14
  9  0  37.74  -97.97  0.18E-13
  9  0  37.79  -97.97  0.83E-13
  9  0  37.84  -97.97  0.16E-12
  9  0  37.89  -97.97  0.17E-12
  9  0  37.94  -97.97  0.26E-12
  9  0  37.99  -97.97  0.40E-12
  9  0  38.04  -97.97  0.52E-12
  9  0  38.09  -97.97  0.50E-12
  9  0  38.14  -97.97  0.65E-12
  9  0  38.19  -97.97  0.81E-12
  9  0  38.24  -97.97  0.97E-12
  9  0  38.29  -97.97  0.12E-11
  9  0  38.34  -97.97  0.11E-11
  9  0  38.39  -97.97  0.15E-11
  9  0  38.44  -97.97  0.15E-11
  9  0  38.49  -97.97  0.15E-11
  9  0  38.54  -97.97  0.14E-11
  9  0  38.59  -97.97  0.13E-11
  9  0  38.64  -97.97  0.76E-12
  9  0  38.69  -97.97  0.48E-12
  9  0  38.74  -97.97  0.21E-12
  9  0  38.79  -97.97  0.95E-13
  9  0  37.64  -97.92  0.11E-13
  9  0  37.69  -97.92  0.26E-13
  9  0  37.74  -97.92  0.17E-13
  9  0  37.79  -97.92  0.43E-13
  9  0  37.84  -97.92  0.89E-13
  9  0  37.89  -97.92  0.17E-12
  9  0  37.94  -97.92  0.29E-12
  9  0  37.99  -97.92  0.36E-12
  9  0  38.04  -97.92  0.40E-12
  9  0  38.09  -97.92  0.69E-12
  9  0  38.14  -97.92  0.70E-12
  9  0  38.19  -97.92  0.73E-12
  9  0  38.24  -97.92  0.94E-12
  9  0  38.29  -97.92  0.12E-11
  9  0  38.34  -97.92  0.14E-11
  9  0  38.39  -97.92  0.12E-11
  9  0  38.44  -97.92  0.16E-11
  9  0  38.49  -97.92  0.15E-11
  9  0  38.54  -97.92  0.16E-11
  9  0  38.59  -97.92  0.16E-11
  9  0  38.64  -97.92  0.95E-12
  9  0  38.69  -97.92  0.60E-12
  9  0  38.74  -97.92  0.29E-12
  9  0  38.79  -97.92  0.12E-12
  9  0  38.84  -97.92  0.56E-14
  9  0  37.74  -97.87  0.32E-13
  9  0  37.79  -97.87  0.24E-13
  9  0  37.84  -97.87  0.33E-13
  9  0  37.89  -97.87  0.72E-13
  9  0  37.94  -97.87  0.13E-12
  9  0  37.99  -97.87  0.34E-12
  9  0  38.04  -97.87  0.40E-12
  9  0  38.09  -97.87  0.44E-12
  9  0  38.14  -97.87  0.65E-12
  9  0  38.19  -97.87  0.89E-12
  9  0  38.24  -97.87  0.75E-12
  9  0  38.29  -97.87  0.10E-11
  9  0  38.34  -97.87  0.14E-11
  9  0  38.39  -97.87  0.15E-11
  9  0  38.44  -97.87  0.15E-11
  9  0  38.49  -97.87  0.16E-11
  9  0  38.54  -97.87  0.18E-11
  9  0  38.59  -97.87  0.16E-11
  9  0  38.64  -97.87  0.15E-11
  9  0  38.69  -97.87  0.81E-12
  9  0  38.74  -97.87  0.43E-12
  9  0  38.79  -97.87  0.19E-12
  9  0  38.84  -97.87  0.37E-13
  9  0  37.79  -97.82  0.36E-13
  9  0  37.84  -97.82  0.36E-13
  9  0  37.89  -97.82  0.74E-13
  9  0  37.94  -97.82  0.12E-12
  9  0  37.99  -97.82  0.17E-12
  9  0  38.04  -97.82  0.31E-12
  9  0  38.09  -97.82  0.50E-12
  9  0  38.14  -97.82  0.52E-12
  9  0  38.19  -97.82  0.69E-12
  9  0  38.24  -97.82  0.10E-11
  9  0  38.29  -97.82  0.96E-12
  9  0  38.34  -97.82  0.12E-11
  9  0  38.39  -97.82  0.15E-11
  9  0  38.44  -97.82  0.16E-11
  9  0  38.49  -97.82  0.17E-11
  9  0  38.54  -97.82  0.18E-11
  9  0  38.59  -97.82  0.18E-11
  9  0  38.64  -97.82  0.17E-11
  9  0  38.69  -97.82  0.11E-11
  9  0  38.74  -97.82  0.68E-12
  9  0  38.79  -97.82  0.25E-12
  9  0  38.84  -97.82  0.75E-13
  9  0  37.79  -97.77  0.16E-13
  9  0  37.84  -97.77  0.40E-13
  9  0  37.89  -97.77  0.73E-13
  9  0  37.94  -97.77  0.12E-12
  9  0  37.99  -97.77  0.14E-12
  9  0  38.04  -97.77  0.20E-12
  9  0  38.09  -97.77  0.35E-12
  9  0  38.14  -97.77  0.68E-12
  9  0  38.19  -97.77  0.76E-12
  9  0  38.24  -97.77  0.78E-12
  9  0  38.29  -97.77  0.11E-11
  9  0  38.34  -97.77  0.11E-11
  9  0  38.39  -97.77  0.14E-11
  9  0  38.44  -97.77  0.18E-11
  9  0  38.49  -97.77  0.18E-11
  9  0  38.54  -97.77  0.17E-11
  9  0  38.59  -97.77  0.20E-11
  9  0  38.64  -97.77  0.19E-11
  9  0  38.69  -97.77  0.15E-11
  9  0  38.74  -97.77  0.88E-12
  9  0  38.79  -97.77  0.40E-12
  9  0  38.84  -97.77  0.11E-12
  9  0  37.79  -97.72  0.51E-14
  9  0  37.84  -97.72  0.32E-13
  9  0  37.89  -97.72  0.38E-13
  9  0  37.94  -97.72  0.45E-13
  9  0  37.99  -97.72  0.12E-12
  9  0  38.04  -97.72  0.19E-12
  9  0  38.09  -97.72  0.25E-12
  9  0  38.14  -97.72  0.37E-12
  9  0  38.19  -97.72  0.70E-12
  9  0  38.24  -97.72  0.92E-12
  9  0  38.29  -97.72  0.89E-12
  9  0  38.34  -97.72  0.11E-11
  9  0  38.39  -97.72  0.12E-11
  9  0  38.44  -97.72  0.15E-11
  9  0  38.49  -97.72  0.21E-11
  9  0  38.54  -97.72  0.18E-11
  9  0  38.59  -97.72  0.20E-11
  9  0  38.64  -97.72  0.20E-11
  9  0  38.69  -97.72  0.18E-11
  9  0  38.74  -97.72  0.12E-11
  9  0  38.79  -97.72  0.62E-12
  9  0  38.84  -97.72  0.21E-12
  9  0  38.89  -97.72  0.16E-13
  9  0  37.69  -97.67  0.11E-13
  9  0  37.79  -97.67  0.53E-14
  9  0  37.89  -97.67  0.52E-14
  9  0  37.94  -97.67  0.59E-13
  9  0  37.99  -97.67  0.63E-13
  9  0  38.04  -97.67  0.92E-13
  9  0  38.09  -97.67  0.22E-12
  9  0  38.14  -97.67  0.33E-12
  9  0  38.19  -97.67  0.56E-12
  9  0  38.24  -97.67  0.86E-12
  9  0  38.29  -97.67  0.12E-11
  9  0  38.34  -97.67  0.11E-11
  9  0  38.39  -97.67  0.12E-11
  9  0  38.44  -97.67  0.12E-11
  9  0  38.49  -97.67  0.18E-11
  9  0  38.54  -97.67  0.23E-11
  9  0  38.59  -97.67  0.19E-11
  9  0  38.64  -97.67  0.23E-11
  9  0  38.69  -97.67  0.21E-11
  9  0  38.74  -97.67  0.15E-11
  9  0  38.79  -97.67  0.86E-12
  9  0  38.84  -97.67  0.34E-12
  9  0  38.89  -97.67  0.38E-13
  9  0  37.69  -97.62  0.55E-14
  9  0  37.74  -97.62  0.22E-13
  9  0  37.79  -97.62  0.26E-13
  9  0  37.84  -97.62  0.25E-13
  9  0  37.89  -97.62  0.53E-14
  9  0  37.99  -97.62  0.36E-13
  9  0  38.04  -97.62  0.72E-13
  9  0  38.09  -97.62  0.11E-12
  9  0  38.14  -97.62  0.26E-12
  9  0  38.19  -97.62  0.35E-12
  9  0  38.24  -97.62  0.73E-12
  9  0  38.29  -97.62  0.10E-11
  9  0  38.34  -97.62  0.13E-11
  9  0  38.39  -97.62  0.14E-11
  9  0  38.44  -97.62  0.12E-11
  9  0  38.49  -97.62  0.14E-11
  9  0  38.54  -97.62  0.19E-11
  9  0  38.59  -97.62  0.24E-11
  9  0  38.64  -97.62  0.23E-11
  9  0  38.69  -97.62  0.24E-11
  9  0  38.74  -97.62  0.18E-11
  9  0  38.79  -97.62  0.13E-11
  9  0  38.84  -97.62  0.49E-12
  9  0  38.89  -97.62  0.10E-12
  9  0  37.84  -97.57  0.91E-14
  9  0  37.89  -97.57  0.24E-13
  9  0  37.94  -97.57  0.25E-13
  9  0  37.99  -97.57  0.23E-13
  9  0  38.04  -97.57  0.38E-13
  9  0  38.09  -97.57  0.75E-13
  9  0  38.14  -97.57  0.14E-12
  9  0  38.19  -97.57  0.27E-12
  9  0  38.24  -97.57  0.42E-12
  9  0  38.29  -97.57  0.63E-12
  9  0  38.34  -97.57  0.12E-11
  9  0  38.39  -97.57  0.14E-11
  9  0  38.44  -97.57  0.16E-11
  9  0  38.49  -97.57  0.14E-11
  9  0  38.54  -97.57  0.19E-11
  9  0  38.59  -97.57  0.21E-11
  9  0  38.64  -97.57  0.25E-11
  9  0  38.69  -97.57  0.28E-11
  9  0  38.74  -97.57  0.23E-11
  9  0  38.79  -97.57  0.16E-11
  9  0  38.84  -97.57  0.81E-12
  9  0  38.89  -97.57  0.18E-12
  9  0  37.99  -97.52  0.23E-13
  9  0  38.04  -97.52  0.71E-13
  9  0  38.09  -97.52  0.39E-13
  9  0  38.14  -97.52  0.15E-12
  9  0  38.19  -97.52  0.22E-12
  9  0  38.24  -97.52  0.34E-12
  9  0  38.29  -97.52  0.54E-12
  9  0  38.34  -97.52  0.69E-12
  9  0  38.39  -97.52  0.12E-11
  9  0  38.44  -97.52  0.16E-11
  9  0  38.49  -97.52  0.16E-11
  9  0  38.54  -97.52  0.16E-11
  9  0  38.59  -97.52  0.23E-11
  9  0  38.64  -97.52  0.24E-11
  9  0  38.69  -97.52  0.30E-11
  9  0  38.74  -97.52  0.24E-11
  9  0  38.79  -97.52  0.19E-11
  9  0  38.84  -97.52  0.11E-11
  9  0  38.89  -97.52  0.36E-12
  9  0  38.94  -97.52  0.11E-13
  9  0  37.99  -97.47  0.52E-14
  9  0  38.04  -97.47  0.22E-13
  9  0  38.09  -97.47  0.10E-12
  9  0  38.14  -97.47  0.66E-13
  9  0  38.19  -97.47  0.15E-12
  9  0  38.24  -97.47  0.26E-12
  9  0  38.29  -97.47  0.48E-12
  9  0  38.34  -97.47  0.67E-12
  9  0  38.39  -97.47  0.10E-11
  9  0  38.44  -97.47  0.14E-11
  9  0  38.49  -97.47  0.18E-11
  9  0  38.54  -97.47  0.19E-11
  9  0  38.59  -97.47  0.21E-11
  9  0  38.64  -97.47  0.26E-11
  9  0  38.69  -97.47  0.27E-11
  9  0  38.74  -97.47  0.33E-11
  9  0  38.79  -97.47  0.23E-11
  9  0  38.84  -97.47  0.15E-11
  9  0  38.89  -97.47  0.64E-12
  9  0  38.94  -97.47  0.97E-13
  9  0  37.99  -97.42  0.10E-13
  9  0  38.04  -97.42  0.10E-13
  9  0  38.09  -97.42  0.17E-13
  9  0  38.14  -97.42  0.12E-12
  9  0  38.19  -97.42  0.17E-12
  9  0  38.24  -97.42  0.19E-12
  9  0  38.29  -97.42  0.42E-12
  9  0  38.34  -97.42  0.64E-12
  9  0  38.39  -97.42  0.81E-12
  9  0  38.44  -97.42  0.13E-11
  9  0  38.49  -97.42  0.19E-11
  9  0  38.54  -97.42  0.20E-11
  9  0  38.59  -97.42  0.22E-11
  9  0  38.64  -97.42  0.27E-11
  9  0  38.69  -97.42  0.29E-11
  9  0  38.74  -97.42  0.34E-11
  9  0  38.79  -97.42  0.28E-11
  9  0  38.84  -97.42  0.20E-11
  9  0  38.89  -97.42  0.10E-11
  9  0  38.94  -97.42  0.18E-12
  9  0  38.04  -97.37  0.52E-14
  9  0  38.09  -97.37  0.10E-13
  9  0  38.14  -97.37  0.52E-14
  9  0  38.19  -97.37  0.52E-13
  9  0  38.24  -97.37  0.26E-12
  9  0  38.29  -97.37  0.32E-12
  9  0  38.34  -97.37  0.59E-12
  9  0  38.39  -97.37  0.83E-12
  9  0  38.44  -97.37  0.94E-12
  9  0  38.49  -97.37  0.15E-11
  9  0  38.54  -97.37  0.21E-11
  9  0  38.59  -97.37  0.23E-11
  9  0  38.64  -97.37  0.25E-11
  9  0  38.69  -97.37  0.31E-11
  9  0  38.74  -97.37  0.32E-11
  9  0  38.79  -97.37  0.36E-11
  9  0  38.84  -97.37  0.24E-11
  9  0  38.89  -97.37  0.13E-11
  9  0  38.94  -97.37  0.41E-12
  9  0  38.99  -97.37  0.93E-14
  9  0  38.14  -97.32  0.29E-13
  9  0  38.19  -97.32  0.17E-13
  9  0  38.24  -97.32  0.22E-13
  9  0  38.29  -97.32  0.20E-12
  9  0  38.34  -97.32  0.37E-12
  9  0  38.39  -97.32  0.64E-12
  9  0  38.44  -97.32  0.10E-11
  9  0  38.49  -97.32  0.11E-11
  9  0  38.54  -97.32  0.18E-11
  9  0  38.59  -97.32  0.23E-11
  9  0  38.64  -97.32  0.24E-11
  9  0  38.69  -97.32  0.31E-11
  9  0  38.74  -97.32  0.36E-11
  9  0  38.79  -97.32  0.39E-11
  9  0  38.84  -97.32  0.30E-11
  9  0  38.89  -97.32  0.20E-11
  9  0  38.94  -97.32  0.76E-12
  9  0  38.99  -97.32  0.41E-13
  9  0  38.04  -97.27  0.14E-13
  9  0  38.09  -97.27  0.93E-14
  9  0  38.14  -97.27  0.52E-14
  9  0  38.19  -97.27  0.26E-13
  9  0  38.24  -97.27  0.39E-13
  9  0  38.29  -97.27  0.83E-13
  9  0  38.34  -97.27  0.26E-12
  9  0  38.39  -97.27  0.39E-12
  9  0  38.44  -97.27  0.70E-12
  9  0  38.49  -97.27  0.11E-11
  9  0  38.54  -97.27  0.16E-11
  9  0  38.59  -97.27  0.26E-11
  9  0  38.64  -97.27  0.28E-11
  9  0  38.69  -97.27  0.28E-11
  9  0  38.74  -97.27  0.38E-11
  9  0  38.79  -97.27  0.38E-11
  9  0  38.84  -97.27  0.40E-11
  9  0  38.89  -97.27  0.24E-11
  9  0  38.94  -97.27  0.11E-11
  9  0  38.99  -97.27  0.16E-12
  9  0  38.09  -97.22  0.93E-14
  9  0  38.14  -97.22  0.93E-14
  9  0  38.24  -97.22  0.43E-13
  9  0  38.29  -97.22  0.90E-13
  9  0  38.34  -97.22  0.16E-12
  9  0  38.39  -97.22  0.36E-12
  9  0  38.44  -97.22  0.55E-12
  9  0  38.49  -97.22  0.10E-11
  9  0  38.54  -97.22  0.14E-11
  9  0  38.59  -97.22  0.20E-11
  9  0  38.64  -97.22  0.31E-11
  9  0  38.69  -97.22  0.28E-11
  9  0  38.74  -97.22  0.35E-11
  9  0  38.79  -97.22  0.42E-11
  9  0  38.84  -97.22  0.44E-11
  9  0  38.89  -97.22  0.33E-11
  9  0  38.94  -97.22  0.18E-11
  9  0  38.99  -97.22  0.43E-12
  9  0  38.14  -97.17  0.12E-13
  9  0  38.19  -97.17  0.78E-14
  9  0  38.24  -97.17  0.99E-14
  9  0  38.29  -97.17  0.41E-13
  9  0  38.34  -97.17  0.11E-12
  9  0  38.39  -97.17  0.18E-12
  9  0  38.44  -97.17  0.34E-12
  9  0  38.49  -97.17  0.69E-12
  9  0  38.54  -97.17  0.13E-11
  9  0  38.59  -97.17  0.22E-11
  9  0  38.64  -97.17  0.24E-11
  9  0  38.69  -97.17  0.37E-11
  9  0  38.74  -97.17  0.32E-11
  9  0  38.79  -97.17  0.42E-11
  9  0  38.84  -97.17  0.47E-11
  9  0  38.89  -97.17  0.42E-11
  9  0  38.94  -97.17  0.25E-11
  9  0  38.99  -97.17  0.82E-12
  9  0  39.04  -97.17  0.24E-13
  9  0  38.19  -97.12  0.78E-14
  9  0  38.24  -97.12  0.16E-13
  9  0  38.29  -97.12  0.47E-14
  9  0  38.34  -97.12  0.68E-13
  9  0  38.39  -97.12  0.13E-12
  9  0  38.44  -97.12  0.26E-12
  9  0  38.49  -97.12  0.52E-12
  9  0  38.54  -97.12  0.10E-11
  9  0  38.59  -97.12  0.16E-11
  9  0  38.64  -97.12  0.25E-11
  9  0  38.69  -97.12  0.32E-11
  9  0  38.74  -97.12  0.39E-11
  9  0  38.79  -97.12  0.41E-11
  9  0  38.84  -97.12  0.49E-11
  9  0  38.89  -97.12  0.48E-11
  9  0  38.94  -97.12  0.38E-11
  9  0  38.99  -97.12  0.15E-11
  9  0  39.04  -97.12  0.12E-12
  9  0  38.24  -97.07  0.78E-14
  9  0  38.29  -97.07  0.78E-14
  9  0  38.34  -97.07  0.47E-14
  9  0  38.39  -97.07  0.87E-13
  9  0  38.44  -97.07  0.18E-12
  9  0  38.49  -97.07  0.28E-12
  9  0  38.54  -97.07  0.51E-12
  9  0  38.59  -97.07  0.12E-11
  9  0  38.64  -97.07  0.22E-11
  9  0  38.69  -97.07  0.33E-11
  9  0  38.74  -97.07  0.39E-11
  9  0  38.79  -97.07  0.43E-11
  9  0  38.84  -97.07  0.54E-11
  9  0  38.89  -97.07  0.59E-11
  9  0  38.94  -97.07  0.45E-11
  9  0  38.99  -97.07  0.26E-11
  9  0  39.04  -97.07  0.44E-12
  9  0  39.09  -97.07  0.90E-14
  9  0  38.29  -97.02  0.78E-14
  9  0  38.34  -97.02  0.28E-13
  9  0  38.39  -97.02  0.24E-13
  9  0  38.44  -97.02  0.12E-12
  9  0  38.49  -97.02  0.26E-12
  9  0  38.54  -97.02  0.52E-12
  9  0  38.59  -97.02  0.86E-12
  9  0  38.64  -97.02  0.16E-11
  9  0  38.69  -97.02  0.28E-11
  9  0  38.74  -97.02  0.37E-11
  9  0  38.79  -97.02  0.45E-11
  9  0  38.84  -97.02  0.51E-11
  9  0  38.89  -97.02  0.65E-11
  9  0  38.94  -97.02  0.54E-11
  9  0  38.99  -97.02  0.42E-11
  9  0  39.04  -97.02  0.94E-12
  9  0  39.09  -97.02  0.20E-13
  9  0  38.39  -96.97  0.57E-13
  9  0  38.44  -96.97  0.63E-13
  9  0  38.49  -96.97  0.17E-12
  9  0  38.54  -96.97  0.34E-12
  9  0  38.59  -96.97  0.76E-12
  9  0  38.64  -96.97  0.14E-11
  9  0  38.69  -96.97  0.21E-11
  9  0  38.74  -96.97  0.34E-11
  9  0  38.79  -96.97  0.47E-11
  9  0  38.84  -96.97  0.51E-11
  9  0  38.89  -96.97  0.67E-11
  9  0  38.94  -96.97  0.70E-11
  9  0  38.99  -96.97  0.48E-11
  9  0  39.04  -96.97  0.18E-11
  9  0  39.09  -96.97  0.15E-12
  9  0  38.44  -96.92  0.26E-13
  9  0  38.49  -96.92  0.58E-13
  9  0  38.54  -96.92  0.17E-12
  9  0  38.59  -96.92  0.35E-12
  9  0  38.64  -96.92  0.10E-11
  9  0  38.69  -96.92  0.16E-11
  9  0  38.74  -96.92  0.27E-11
  9  0  38.79  -96.92  0.45E-11
  9  0  38.84  -96.92  0.53E-11
  9  0  38.89  -96.92  0.60E-11
  9  0  38.94  -96.92  0.77E-11
  9  0  38.99  -96.92  0.62E-11
  9  0  39.04  -96.92  0.34E-11
  9  0  39.09  -96.92  0.49E-12
  9  0  39.14  -96.92  0.98E-14
  9  0  38.49  -96.87  0.16E-13
  9  0  38.54  -96.87  0.10E-12
  9  0  38.59  -96.87  0.22E-12
  9  0  38.64  -96.87  0.53E-12
  9  0  38.69  -96.87  0.11E-11
  9  0  38.74  -96.87  0.19E-11
  9  0  38.79  -96.87  0.41E-11
  9  0  38.84  -96.87  0.49E-11
  9  0  38.89  -96.87  0.64E-11
  9  0  38.94  -96.87  0.81E-11
  9  0  38.99  -96.87  0.77E-11
  9  0  39.04  -96.87  0.48E-11
  9  0  39.09  -96.87  0.11E-11
  9  0  39.14  -96.87  0.12E-12
  9  0  39.19  -96.87  0.20E-13
  9  0  39.24  -96.87  0.98E-14
  9  0  38.49  -96.82  0.15E-13
  9  0  38.54  -96.82  0.43E-13
  9  0  38.59  -96.82  0.10E-12
  9  0  38.64  -96.82  0.19E-12
  9  0  38.69  -96.82  0.76E-12
  9  0  38.74  -96.82  0.14E-11
  9  0  38.79  -96.82  0.30E-11
  9  0  38.84  -96.82  0.50E-11
  9  0  38.89  -96.82  0.61E-11
  9  0  38.94  -96.82  0.82E-11
  9  0  38.99  -96.82  0.92E-11
  9  0  39.04  -96.82  0.70E-11
  9  0  39.09  -96.82  0.22E-11
  9  0  39.14  -96.82  0.20E-12
  9  0  39.19  -96.82  0.11E-12
  9  0  39.24  -96.82  0.60E-13
  9  0  38.49  -96.77  0.19E-13
  9  0  38.54  -96.77  0.62E-13
  9  0  38.59  -96.77  0.52E-13
  9  0  38.64  -96.77  0.12E-12
  9  0  38.69  -96.77  0.33E-12
  9  0  38.74  -96.77  0.10E-11
  9  0  38.79  -96.77  0.18E-11
  9  0  38.84  -96.77  0.40E-11
  9  0  38.89  -96.77  0.61E-11
  9  0  38.94  -96.77  0.76E-11
  9  0  38.99  -96.77  0.11E-10
  9  0  39.04  -96.77  0.86E-11
  9  0  39.09  -96.77  0.41E-11
  9  0  39.14  -96.77  0.51E-12
  9  0  39.19  -96.77  0.13E-12
  9  0  39.24  -96.77  0.10E-12
  9  0  38.59  -96.72  0.41E-13
  9  0  38.64  -96.72  0.67E-13
  9  0  38.69  -96.72  0.12E-12
  9  0  38.74  -96.72  0.47E-12
  9  0  38.79  -96.72  0.12E-11
  9  0  38.84  -96.72  0.27E-11
  9  0  38.89  -96.72  0.53E-11
  9  0  38.94  -96.72  0.75E-11
  9  0  38.99  -96.72  0.98E-11
  9  0  39.04  -96.72  0.12E-10
  9  0  39.09  -96.72  0.65E-11
  9  0  39.14  -96.72  0.11E-11
  9  0  39.19  -96.72  0.22E-12
  9  0  39.24  -96.72  0.79E-13
  9  0  39.34  -96.72  0.14E-13
  9  0  38.64  -96.67  0.17E-13
  9  0  38.69  -96.67  0.14E-12
  9  0  38.74  -96.67  0.16E-12
  9  0  38.79  -96.67  0.56E-12
  9  0  38.84  -96.67  0.16E-11
  9  0  38.89  -96.67  0.39E-11
  9  0  38.94  -96.67  0.69E-11
  9  0  38.99  -96.67  0.94E-11
  9  0  39.04  -96.67  0.12E-10
  9  0  39.09  -96.67  0.95E-11
  9  0  39.14  -96.67  0.26E-11
  9  0  39.19  -96.67  0.42E-12
  9  0  39.24  -96.67  0.15E-12
  9  0  39.29  -96.67  0.91E-13
  9  0  39.34  -96.67  0.95E-14
  9  0  38.74  -96.62  0.18E-12
  9  0  38.79  -96.62  0.31E-12
  9  0  38.84  -96.62  0.81E-12
  9  0  38.89  -96.62  0.24E-11
  9  0  38.94  -96.62  0.56E-11
  9  0  38.99  -96.62  0.91E-11
  9  0  39.04  -96.62  0.13E-10
  9  0  39.09  -96.62  0.12E-10
  9  0  39.14  -96.62  0.50E-11
  9  0  39.19  -96.62  0.96E-12
  9  0  39.24  -96.62  0.27E-12
  9  0  39.29  -96.62  0.97E-13
  9  0  38.74  -96.57  0.13E-13
  9  0  38.79  -96.57  0.19E-12
  9  0  38.84  -96.57  0.52E-12
  9  0  38.89  -96.57  0.12E-11
  9  0  38.94  -96.57  0.33E-11
  9  0  38.99  -96.57  0.77E-11
  9  0  39.04  -96.57  0.13E-10
  9  0  39.09  -96.57  0.15E-10
  9  0  39.14  -96.57  0.88E-11
  9  0  39.19  -96.57  0.18E-11
  9  0  39.24  -96.57  0.44E-12
  9  0  39.29  -96.57  0.11E-12
  9  0  38.79  -96.52  0.81E-14
  9  0  38.84  -96.52  0.19E-12
  9  0  38.89  -96.52  0.64E-12
  9  0  38.94  -96.52  0.18E-11
  9  0  38.99  -96.52  0.51E-11
  9  0  39.04  -96.52  0.11E-10
  9  0  39.09  -96.52  0.16E-10
  9  0  39.14  -96.52  0.14E-10
  9  0  39.19  -96.52  0.35E-11
  9  0  39.24  -96.52  0.60E-12
  9  0  39.29  -96.52  0.99E-13
  9  0  39.34  -96.52  0.54E-13
  9  0  38.84  -96.47  0.23E-13
  9  0  38.89  -96.47  0.22E-12
  9  0  38.94  -96.47  0.82E-12
  9  0  38.99  -96.47  0.27E-11
  9  0  39.04  -96.47  0.84E-11
  9  0  39.09  -96.47  0.16E-10
  9  0  39.14  -96.47  0.19E-10
  9  0  39.19  -96.47  0.70E-11
  9  0  39.24  -96.47  0.78E-12
  9  0  39.29  -96.47  0.31E-12
  9  0  39.34  -96.47  0.80E-13
  9  0  39.39  -96.47  0.54E-14
  9  0  38.89  -96.42  0.32E-13
  9  0  38.94  -96.42  0.23E-12
  9  0  38.99  -96.42  0.93E-12
  9  0  39.04  -96.42  0.43E-11
  9  0  39.09  -96.42  0.14E-10
  9  0  39.14  -96.42  0.22E-10
  9  0  39.19  -96.42  0.13E-10
  9  0  39.24  -96.42  0.14E-11
  9  0  39.29  -96.42  0.47E-12
  9  0  39.34  -96.42  0.57E-13
  9  0  39.39  -96.42  0.29E-13
  9  0  38.89  -96.37  0.81E-14
  9  0  38.94  -96.37  0.48E-13
  9  0  38.99  -96.37  0.23E-12
  9  0  39.04  -96.37  0.14E-11
  9  0  39.09  -96.37  0.79E-11
  9  0  39.14  -96.37  0.23E-10
  9  0  39.19  -96.37  0.23E-10
  9  0  39.24  -96.37  0.29E-11
  9  0  39.29  -96.37  0.52E-12
  9  0  39.34  -96.37  0.89E-13
  9  0  38.94  -96.32  0.16E-13
  9  0  38.99  -96.32  0.40E-13
  9  0  39.04  -96.32  0.23E-12
  9  0  39.09  -96.32  0.22E-11
  9  0  39.14  -96.32  0.16E-10
  9  0  39.19  -96.32  0.33E-10
  9  0  39.24  -96.32  0.94E-11
  9  0  39.29  -96.32  0.72E-12
  9  0  39.34  -96.32  0.76E-13
  9  0  38.99  -96.27  0.81E-14
  9  0  39.04  -96.27  0.33E-13
  9  0  39.09  -96.27  0.21E-12
  9  0  39.14  -96.27  0.42E-11
  9  0  39.19  -96.27  0.34E-10
  9  0  39.24  -96.27  0.27E-10
  9  0  39.29  -96.27  0.86E-12
  9  0  39.34  -96.27  0.64E-13
  9  0  39.14  -96.22  0.17E-12
  9  0  39.19  -96.22  0.10E-10
  9  0  39.24  -96.22  0.58E-10
  9  0  39.29  -96.22  0.16E-11
  9  0  39.34  -96.22  0.53E-14
  9  0  39.19  -96.17  0.10E-12
  9  0  39.24  -96.17  0.38E-10
  9  0  39.29  -96.17  0.39E-10
  9  0  39.29  -96.12  0.21E-10
