DAY HR    LAT     LON CO2 10000
 10  0  39.24  -96.42  0.17E-12
 10  0  39.29  -96.42  0.24E-13
 10  0  39.19  -96.37  0.73E-13
 10  0  39.24  -96.37  0.16E-11
 10  0  39.29  -96.37  0.13E-11
 10  0  39.34  -96.37  0.10E-12
 10  0  39.19  -96.32  0.32E-12
 10  0  39.24  -96.32  0.39E-11
 10  0  39.29  -96.32  0.92E-11
 10  0  39.34  -96.32  0.14E-11
 10  0  39.14  -96.27  0.16E-13
 10  0  39.19  -96.27  0.46E-12
 10  0  39.24  -96.27  0.81E-11
 10  0  39.29  -96.27  0.19E-10
 10  0  39.34  -96.27  0.19E-11
 10  0  39.14  -96.22  0.73E-13
 10  0  39.19  -96.22  0.62E-12
 10  0  39.24  -96.22  0.77E-11
 10  0  39.29  -96.22  0.30E-10
 10  0  39.34  -96.22  0.39E-11
 10  0  39.39  -96.22  0.78E-13
 10  0  39.09  -96.17  0.12E-13
 10  0  39.14  -96.17  0.13E-12
 10  0  39.19  -96.17  0.93E-12
 10  0  39.24  -96.17  0.46E-11
 10  0  39.29  -96.17  0.47E-10
 10  0  39.34  -96.17  0.41E-11
 10  0  39.39  -96.17  0.52E-13
 10  0  39.09  -96.12  0.24E-13
 10  0  39.14  -96.12  0.24E-12
 10  0  39.19  -96.12  0.14E-11
 10  0  39.24  -96.12  0.53E-11
 10  0  39.29  -96.12  0.46E-10
 10  0  39.34  -96.12  0.29E-11
 10  0  39.09  -96.07  0.61E-13
 10  0  39.14  -96.07  0.52E-12
 10  0  39.19  -96.07  0.18E-11
 10  0  39.24  -96.07  0.72E-11
 10  0  39.29  -96.07  0.53E-10
 10  0  39.34  -96.07  0.41E-11
 10  0  39.04  -96.02  0.12E-13
 10  0  39.09  -96.02  0.75E-13
 10  0  39.14  -96.02  0.72E-12
 10  0  39.19  -96.02  0.26E-11
 10  0  39.24  -96.02  0.15E-10
 10  0  39.29  -96.02  0.22E-10
 10  0  39.34  -96.02  0.13E-10
 10  0  39.39  -96.02  0.95E-14
 10  0  39.04  -95.97  0.22E-13
 10  0  39.09  -95.97  0.12E-12
 10  0  39.14  -95.97  0.98E-12
 10  0  39.19  -95.97  0.37E-11
 10  0  39.24  -95.97  0.18E-10
 10  0  39.29  -95.97  0.13E-10
 10  0  39.34  -95.97  0.14E-10
 10  0  39.39  -95.97  0.13E-11
 10  0  39.04  -95.92  0.29E-13
 10  0  39.09  -95.92  0.25E-12
 10  0  39.14  -95.92  0.13E-11
 10  0  39.19  -95.92  0.49E-11
 10  0  39.24  -95.92  0.16E-10
 10  0  39.29  -95.92  0.85E-11
 10  0  39.34  -95.92  0.10E-10
 10  0  39.39  -95.92  0.52E-11
 10  0  39.44  -95.92  0.78E-13
 10  0  39.04  -95.87  0.20E-13
 10  0  39.09  -95.87  0.38E-12
 10  0  39.14  -95.87  0.16E-11
 10  0  39.19  -95.87  0.79E-11
 10  0  39.24  -95.87  0.13E-10
 10  0  39.29  -95.87  0.64E-11
 10  0  39.34  -95.87  0.77E-11
 10  0  39.39  -95.87  0.69E-11
 10  0  39.44  -95.87  0.88E-12
 10  0  38.99  -95.82  0.20E-13
 10  0  39.04  -95.82  0.81E-13
 10  0  39.09  -95.82  0.61E-12
 10  0  39.14  -95.82  0.19E-11
 10  0  39.19  -95.82  0.11E-10
 10  0  39.24  -95.82  0.10E-10
 10  0  39.29  -95.82  0.50E-11
 10  0  39.34  -95.82  0.61E-11
 10  0  39.39  -95.82  0.60E-11
 10  0  39.44  -95.82  0.29E-11
 10  0  39.49  -95.82  0.11E-12
 10  0  38.99  -95.77  0.20E-13
 10  0  39.04  -95.77  0.14E-12
 10  0  39.09  -95.77  0.72E-12
 10  0  39.14  -95.77  0.28E-11
 10  0  39.19  -95.77  0.11E-10
 10  0  39.24  -95.77  0.78E-11
 10  0  39.29  -95.77  0.43E-11
 10  0  39.34  -95.77  0.50E-11
 10  0  39.39  -95.77  0.53E-11
 10  0  39.44  -95.77  0.38E-11
 10  0  39.49  -95.77  0.70E-12
 10  0  39.54  -95.77  0.34E-13
 10  0  38.99  -95.72  0.20E-13
 10  0  39.04  -95.72  0.13E-12
 10  0  39.09  -95.72  0.95E-12
 10  0  39.14  -95.72  0.38E-11
 10  0  39.19  -95.72  0.11E-10
 10  0  39.24  -95.72  0.65E-11
 10  0  39.29  -95.72  0.35E-11
 10  0  39.34  -95.72  0.39E-11
 10  0  39.39  -95.72  0.51E-11
 10  0  39.44  -95.72  0.36E-11
 10  0  39.49  -95.72  0.19E-11
 10  0  39.54  -95.72  0.20E-12
 10  0  39.59  -95.72  0.20E-13
 10  0  38.99  -95.67  0.34E-13
 10  0  39.04  -95.67  0.28E-12
 10  0  39.09  -95.67  0.11E-11
 10  0  39.14  -95.67  0.51E-11
 10  0  39.19  -95.67  0.10E-10
 10  0  39.24  -95.67  0.54E-11
 10  0  39.29  -95.67  0.32E-11
 10  0  39.34  -95.67  0.35E-11
 10  0  39.39  -95.67  0.47E-11
 10  0  39.44  -95.67  0.35E-11
 10  0  39.49  -95.67  0.24E-11
 10  0  39.54  -95.67  0.59E-12
 10  0  39.59  -95.67  0.65E-13
 10  0  38.94  -95.62  0.16E-13
 10  0  38.99  -95.62  0.47E-13
 10  0  39.04  -95.62  0.28E-12
 10  0  39.09  -95.62  0.13E-11
 10  0  39.14  -95.62  0.64E-11
 10  0  39.19  -95.62  0.94E-11
 10  0  39.24  -95.62  0.42E-11
 10  0  39.29  -95.62  0.28E-11
 10  0  39.34  -95.62  0.34E-11
 10  0  39.39  -95.62  0.41E-11
 10  0  39.44  -95.62  0.33E-11
 10  0  39.49  -95.62  0.24E-11
 10  0  39.54  -95.62  0.12E-11
 10  0  39.59  -95.62  0.21E-12
 10  0  39.64  -95.62  0.40E-13
 10  0  38.94  -95.57  0.24E-13
 10  0  38.99  -95.57  0.61E-13
 10  0  39.04  -95.57  0.36E-12
 10  0  39.09  -95.57  0.18E-11
 10  0  39.14  -95.57  0.73E-11
 10  0  39.19  -95.57  0.83E-11
 10  0  39.24  -95.57  0.35E-11
 10  0  39.29  -95.57  0.26E-11
 10  0  39.34  -95.57  0.31E-11
 10  0  39.39  -95.57  0.36E-11
 10  0  39.44  -95.57  0.32E-11
 10  0  39.49  -95.57  0.24E-11
 10  0  39.54  -95.57  0.14E-11
 10  0  39.59  -95.57  0.53E-12
 10  0  39.64  -95.57  0.74E-13
 10  0  38.94  -95.52  0.81E-14
 10  0  38.99  -95.52  0.97E-13
 10  0  39.04  -95.52  0.45E-12
 10  0  39.09  -95.52  0.18E-11
 10  0  39.14  -95.52  0.81E-11
 10  0  39.19  -95.52  0.74E-11
 10  0  39.24  -95.52  0.29E-11
 10  0  39.29  -95.52  0.22E-11
 10  0  39.34  -95.52  0.32E-11
 10  0  39.39  -95.52  0.30E-11
 10  0  39.44  -95.52  0.33E-11
 10  0  39.49  -95.52  0.22E-11
 10  0  39.54  -95.52  0.16E-11
 10  0  39.59  -95.52  0.79E-12
 10  0  39.64  -95.52  0.19E-12
 10  0  39.69  -95.52  0.40E-13
 10  0  38.94  -95.47  0.16E-13
 10  0  38.99  -95.47  0.80E-13
 10  0  39.04  -95.47  0.54E-12
 10  0  39.09  -95.47  0.21E-11
 10  0  39.14  -95.47  0.84E-11
 10  0  39.19  -95.47  0.66E-11
 10  0  39.24  -95.47  0.26E-11
 10  0  39.29  -95.47  0.20E-11
 10  0  39.34  -95.47  0.32E-11
 10  0  39.39  -95.47  0.29E-11
 10  0  39.44  -95.47  0.29E-11
 10  0  39.49  -95.47  0.22E-11
 10  0  39.54  -95.47  0.17E-11
 10  0  39.59  -95.47  0.89E-12
 10  0  39.64  -95.47  0.41E-12
 10  0  39.69  -95.47  0.89E-13
 10  0  39.74  -95.47  0.15E-13
 10  0  38.94  -95.42  0.16E-13
 10  0  38.99  -95.42  0.69E-13
 10  0  39.04  -95.42  0.56E-12
 10  0  39.09  -95.42  0.22E-11
 10  0  39.14  -95.42  0.81E-11
 10  0  39.19  -95.42  0.62E-11
 10  0  39.24  -95.42  0.25E-11
 10  0  39.29  -95.42  0.18E-11
 10  0  39.34  -95.42  0.29E-11
 10  0  39.39  -95.42  0.26E-11
 10  0  39.44  -95.42  0.27E-11
 10  0  39.49  -95.42  0.22E-11
 10  0  39.54  -95.42  0.18E-11
 10  0  39.59  -95.42  0.10E-11
 10  0  39.64  -95.42  0.51E-12
 10  0  39.69  -95.42  0.23E-12
 10  0  39.74  -95.42  0.30E-13
 10  0  38.94  -95.37  0.24E-13
 10  0  38.99  -95.37  0.61E-13
 10  0  39.04  -95.37  0.50E-12
 10  0  39.09  -95.37  0.22E-11
 10  0  39.14  -95.37  0.75E-11
 10  0  39.19  -95.37  0.60E-11
 10  0  39.24  -95.37  0.25E-11
 10  0  39.29  -95.37  0.18E-11
 10  0  39.34  -95.37  0.25E-11
 10  0  39.39  -95.37  0.27E-11
 10  0  39.44  -95.37  0.23E-11
 10  0  39.49  -95.37  0.23E-11
 10  0  39.54  -95.37  0.17E-11
 10  0  39.59  -95.37  0.11E-11
 10  0  39.64  -95.37  0.61E-12
 10  0  39.69  -95.37  0.33E-12
 10  0  39.74  -95.37  0.70E-13
 10  0  38.94  -95.32  0.16E-13
 10  0  38.99  -95.32  0.45E-13
 10  0  39.04  -95.32  0.47E-12
 10  0  39.09  -95.32  0.22E-11
 10  0  39.14  -95.32  0.69E-11
 10  0  39.19  -95.32  0.59E-11
 10  0  39.24  -95.32  0.25E-11
 10  0  39.29  -95.32  0.21E-11
 10  0  39.34  -95.32  0.24E-11
 10  0  39.39  -95.32  0.26E-11
 10  0  39.44  -95.32  0.22E-11
 10  0  39.49  -95.32  0.21E-11
 10  0  39.54  -95.32  0.18E-11
 10  0  39.59  -95.32  0.12E-11
 10  0  39.64  -95.32  0.67E-12
 10  0  39.69  -95.32  0.34E-12
 10  0  39.74  -95.32  0.22E-12
 10  0  39.79  -95.32  0.41E-13
 10  0  38.94  -95.27  0.23E-13
 10  0  38.99  -95.27  0.45E-13
 10  0  39.04  -95.27  0.48E-12
 10  0  39.09  -95.27  0.22E-11
 10  0  39.14  -95.27  0.60E-11
 10  0  39.19  -95.27  0.57E-11
 10  0  39.24  -95.27  0.26E-11
 10  0  39.29  -95.27  0.21E-11
 10  0  39.34  -95.27  0.23E-11
 10  0  39.39  -95.27  0.25E-11
 10  0  39.44  -95.27  0.21E-11
 10  0  39.49  -95.27  0.19E-11
 10  0  39.54  -95.27  0.17E-11
 10  0  39.59  -95.27  0.13E-11
 10  0  39.64  -95.27  0.80E-12
 10  0  39.69  -95.27  0.40E-12
 10  0  39.74  -95.27  0.23E-12
 10  0  39.79  -95.27  0.14E-12
 10  0  39.84  -95.27  0.20E-13
 10  0  38.94  -95.22  0.19E-13
 10  0  38.99  -95.22  0.47E-13
 10  0  39.04  -95.22  0.44E-12
 10  0  39.09  -95.22  0.20E-11
 10  0  39.14  -95.22  0.53E-11
 10  0  39.19  -95.22  0.55E-11
 10  0  39.24  -95.22  0.27E-11
 10  0  39.29  -95.22  0.22E-11
 10  0  39.34  -95.22  0.23E-11
 10  0  39.39  -95.22  0.24E-11
 10  0  39.44  -95.22  0.21E-11
 10  0  39.49  -95.22  0.18E-11
 10  0  39.54  -95.22  0.16E-11
 10  0  39.59  -95.22  0.14E-11
 10  0  39.64  -95.22  0.90E-12
 10  0  39.69  -95.22  0.47E-12
 10  0  39.74  -95.22  0.27E-12
 10  0  39.79  -95.22  0.17E-12
 10  0  39.84  -95.22  0.63E-13
 10  0  39.89  -95.22  0.56E-14
 10  0  38.94  -95.17  0.90E-14
 10  0  38.99  -95.17  0.58E-13
 10  0  39.04  -95.17  0.33E-12
 10  0  39.09  -95.17  0.19E-11
 10  0  39.14  -95.17  0.47E-11
 10  0  39.19  -95.17  0.54E-11
 10  0  39.24  -95.17  0.29E-11
 10  0  39.29  -95.17  0.24E-11
 10  0  39.34  -95.17  0.23E-11
 10  0  39.39  -95.17  0.22E-11
 10  0  39.44  -95.17  0.19E-11
 10  0  39.49  -95.17  0.18E-11
 10  0  39.54  -95.17  0.15E-11
 10  0  39.59  -95.17  0.13E-11
 10  0  39.64  -95.17  0.98E-12
 10  0  39.69  -95.17  0.62E-12
 10  0  39.74  -95.17  0.31E-12
 10  0  39.79  -95.17  0.18E-12
 10  0  39.84  -95.17  0.12E-12
 10  0  39.89  -95.17  0.32E-13
 10  0  39.94  -95.17  0.56E-14
 10  0  38.94  -95.12  0.14E-13
 10  0  38.99  -95.12  0.74E-13
 10  0  39.04  -95.12  0.36E-12
 10  0  39.09  -95.12  0.16E-11
 10  0  39.14  -95.12  0.46E-11
 10  0  39.19  -95.12  0.52E-11
 10  0  39.24  -95.12  0.32E-11
 10  0  39.29  -95.12  0.25E-11
 10  0  39.34  -95.12  0.22E-11
 10  0  39.39  -95.12  0.20E-11
 10  0  39.44  -95.12  0.19E-11
 10  0  39.49  -95.12  0.18E-11
 10  0  39.54  -95.12  0.14E-11
 10  0  39.59  -95.12  0.13E-11
 10  0  39.64  -95.12  0.99E-12
 10  0  39.69  -95.12  0.69E-12
 10  0  39.74  -95.12  0.34E-12
 10  0  39.79  -95.12  0.17E-12
 10  0  39.84  -95.12  0.12E-12
 10  0  39.89  -95.12  0.72E-13
 10  0  39.94  -95.12  0.11E-13
 10  0  39.99  -95.12  0.11E-13
 10  0  38.99  -95.07  0.10E-12
 10  0  39.04  -95.07  0.27E-12
 10  0  39.09  -95.07  0.15E-11
 10  0  39.14  -95.07  0.38E-11
 10  0  39.19  -95.07  0.52E-11
 10  0  39.24  -95.07  0.33E-11
 10  0  39.29  -95.07  0.25E-11
 10  0  39.34  -95.07  0.23E-11
 10  0  39.39  -95.07  0.20E-11
 10  0  39.44  -95.07  0.17E-11
 10  0  39.49  -95.07  0.17E-11
 10  0  39.54  -95.07  0.15E-11
 10  0  39.59  -95.07  0.12E-11
 10  0  39.64  -95.07  0.96E-12
 10  0  39.69  -95.07  0.73E-12
 10  0  39.74  -95.07  0.45E-12
 10  0  39.79  -95.07  0.24E-12
 10  0  39.84  -95.07  0.10E-12
 10  0  39.89  -95.07  0.87E-13
 10  0  39.94  -95.07  0.25E-13
 10  0  39.99  -95.07  0.57E-14
 10  0  40.04  -95.07  0.57E-14
 10  0  38.99  -95.02  0.11E-12
 10  0  39.04  -95.02  0.28E-12
 10  0  39.09  -95.02  0.13E-11
 10  0  39.14  -95.02  0.38E-11
 10  0  39.19  -95.02  0.51E-11
 10  0  39.24  -95.02  0.34E-11
 10  0  39.29  -95.02  0.25E-11
 10  0  39.34  -95.02  0.24E-11
 10  0  39.39  -95.02  0.20E-11
 10  0  39.44  -95.02  0.15E-11
 10  0  39.49  -95.02  0.16E-11
 10  0  39.54  -95.02  0.15E-11
 10  0  39.59  -95.02  0.12E-11
 10  0  39.64  -95.02  0.94E-12
 10  0  39.69  -95.02  0.71E-12
 10  0  39.74  -95.02  0.44E-12
 10  0  39.79  -95.02  0.27E-12
 10  0  39.84  -95.02  0.12E-12
 10  0  39.89  -95.02  0.72E-13
 10  0  39.94  -95.02  0.61E-13
 10  0  39.99  -95.02  0.51E-14
 10  0  40.04  -95.02  0.57E-14
 10  0  40.09  -95.02  0.57E-14
 10  0  38.99  -94.97  0.12E-12
 10  0  39.04  -94.97  0.28E-12
 10  0  39.09  -94.97  0.10E-11
 10  0  39.14  -94.97  0.36E-11
 10  0  39.19  -94.97  0.49E-11
 10  0  39.24  -94.97  0.35E-11
 10  0  39.29  -94.97  0.27E-11
 10  0  39.34  -94.97  0.24E-11
 10  0  39.39  -94.97  0.19E-11
 10  0  39.44  -94.97  0.14E-11
 10  0  39.49  -94.97  0.15E-11
 10  0  39.54  -94.97  0.16E-11
 10  0  39.59  -94.97  0.11E-11
 10  0  39.64  -94.97  0.88E-12
 10  0  39.69  -94.97  0.69E-12
 10  0  39.74  -94.97  0.48E-12
 10  0  39.79  -94.97  0.34E-12
 10  0  39.84  -94.97  0.14E-12
 10  0  39.89  -94.97  0.84E-13
 10  0  39.94  -94.97  0.63E-13
 10  0  39.99  -94.97  0.15E-13
 10  0  40.09  -94.97  0.11E-13
 10  0  40.14  -94.97  0.11E-13
 10  0  38.99  -94.92  0.13E-12
 10  0  39.04  -94.92  0.29E-12
 10  0  39.09  -94.92  0.92E-12
 10  0  39.14  -94.92  0.34E-11
 10  0  39.19  -94.92  0.46E-11
 10  0  39.24  -94.92  0.38E-11
 10  0  39.29  -94.92  0.27E-11
 10  0  39.34  -94.92  0.24E-11
 10  0  39.39  -94.92  0.20E-11
 10  0  39.44  -94.92  0.15E-11
 10  0  39.49  -94.92  0.14E-11
 10  0  39.54  -94.92  0.14E-11
 10  0  39.59  -94.92  0.12E-11
 10  0  39.64  -94.92  0.89E-12
 10  0  39.69  -94.92  0.80E-12
 10  0  39.74  -94.92  0.48E-12
 10  0  39.79  -94.92  0.28E-12
 10  0  39.84  -94.92  0.24E-12
 10  0  39.89  -94.92  0.85E-13
 10  0  39.94  -94.92  0.52E-13
 10  0  39.99  -94.92  0.57E-13
 10  0  40.14  -94.92  0.57E-14
 10  0  40.19  -94.92  0.57E-14
 10  0  38.94  -94.87  0.15E-13
 10  0  38.99  -94.87  0.11E-12
 10  0  39.04  -94.87  0.26E-12
 10  0  39.09  -94.87  0.80E-12
 10  0  39.14  -94.87  0.31E-11
 10  0  39.19  -94.87  0.45E-11
 10  0  39.24  -94.87  0.37E-11
 10  0  39.29  -94.87  0.27E-11
 10  0  39.34  -94.87  0.22E-11
 10  0  39.39  -94.87  0.21E-11
 10  0  39.44  -94.87  0.14E-11
 10  0  39.49  -94.87  0.13E-11
 10  0  39.54  -94.87  0.13E-11
 10  0  39.59  -94.87  0.12E-11
 10  0  39.64  -94.87  0.88E-12
 10  0  39.69  -94.87  0.77E-12
 10  0  39.74  -94.87  0.54E-12
 10  0  39.79  -94.87  0.34E-12
 10  0  39.84  -94.87  0.23E-12
 10  0  39.89  -94.87  0.12E-12
 10  0  39.94  -94.87  0.63E-13
 10  0  39.99  -94.87  0.37E-13
 10  0  40.04  -94.87  0.15E-13
 10  0  40.19  -94.87  0.11E-13
 10  0  38.94  -94.82  0.21E-13
 10  0  38.99  -94.82  0.11E-12
 10  0  39.04  -94.82  0.24E-12
 10  0  39.09  -94.82  0.80E-12
 10  0  39.14  -94.82  0.29E-11
 10  0  39.19  -94.82  0.42E-11
 10  0  39.24  -94.82  0.37E-11
 10  0  39.29  -94.82  0.27E-11
 10  0  39.34  -94.82  0.22E-11
 10  0  39.39  -94.82  0.21E-11
 10  0  39.44  -94.82  0.14E-11
 10  0  39.49  -94.82  0.12E-11
 10  0  39.54  -94.82  0.12E-11
 10  0  39.59  -94.82  0.12E-11
 10  0  39.64  -94.82  0.94E-12
 10  0  39.69  -94.82  0.69E-12
 10  0  39.74  -94.82  0.54E-12
 10  0  39.79  -94.82  0.36E-12
 10  0  39.84  -94.82  0.26E-12
 10  0  39.89  -94.82  0.14E-12
 10  0  39.94  -94.82  0.49E-13
 10  0  39.99  -94.82  0.20E-13
 10  0  40.04  -94.82  0.48E-13
 10  0  40.24  -94.82  0.57E-14
 10  0  38.94  -94.77  0.36E-13
 10  0  38.99  -94.77  0.12E-12
 10  0  39.04  -94.77  0.22E-12
 10  0  39.09  -94.77  0.88E-12
 10  0  39.14  -94.77  0.27E-11
 10  0  39.19  -94.77  0.42E-11
 10  0  39.24  -94.77  0.35E-11
 10  0  39.29  -94.77  0.28E-11
 10  0  39.34  -94.77  0.21E-11
 10  0  39.39  -94.77  0.20E-11
 10  0  39.44  -94.77  0.15E-11
 10  0  39.49  -94.77  0.12E-11
 10  0  39.54  -94.77  0.12E-11
 10  0  39.59  -94.77  0.11E-11
 10  0  39.64  -94.77  0.97E-12
 10  0  39.69  -94.77  0.69E-12
 10  0  39.74  -94.77  0.61E-12
 10  0  39.79  -94.77  0.39E-12
 10  0  39.84  -94.77  0.23E-12
 10  0  39.89  -94.77  0.16E-12
 10  0  39.94  -94.77  0.95E-13
 10  0  39.99  -94.77  0.35E-13
 10  0  40.04  -94.77  0.33E-13
 10  0  40.09  -94.77  0.20E-13
 10  0  40.24  -94.77  0.11E-13
 10  0  38.94  -94.72  0.68E-13
 10  0  38.99  -94.72  0.11E-12
 10  0  39.04  -94.72  0.21E-12
 10  0  39.09  -94.72  0.92E-12
 10  0  39.14  -94.72  0.23E-11
 10  0  39.19  -94.72  0.41E-11
 10  0  39.24  -94.72  0.35E-11
 10  0  39.29  -94.72  0.27E-11
 10  0  39.34  -94.72  0.20E-11
 10  0  39.39  -94.72  0.20E-11
 10  0  39.44  -94.72  0.15E-11
 10  0  39.49  -94.72  0.11E-11
 10  0  39.54  -94.72  0.11E-11
 10  0  39.59  -94.72  0.11E-11
 10  0  39.64  -94.72  0.91E-12
 10  0  39.69  -94.72  0.79E-12
 10  0  39.74  -94.72  0.57E-12
 10  0  39.79  -94.72  0.34E-12
 10  0  39.84  -94.72  0.30E-12
 10  0  39.89  -94.72  0.18E-12
 10  0  39.94  -94.72  0.62E-13
 10  0  39.99  -94.72  0.43E-13
 10  0  40.04  -94.72  0.10E-13
 10  0  40.09  -94.72  0.32E-13
 10  0  40.14  -94.72  0.48E-14
 10  0  40.24  -94.72  0.57E-14
 10  0  38.94  -94.67  0.63E-13
 10  0  38.99  -94.67  0.12E-12
 10  0  39.04  -94.67  0.20E-12
 10  0  39.09  -94.67  0.83E-12
 10  0  39.14  -94.67  0.21E-11
 10  0  39.19  -94.67  0.38E-11
 10  0  39.24  -94.67  0.35E-11
 10  0  39.29  -94.67  0.26E-11
 10  0  39.34  -94.67  0.21E-11
 10  0  39.39  -94.67  0.18E-11
 10  0  39.44  -94.67  0.16E-11
 10  0  39.49  -94.67  0.11E-11
 10  0  39.54  -94.67  0.11E-11
 10  0  39.59  -94.67  0.11E-11
 10  0  39.64  -94.67  0.82E-12
 10  0  39.69  -94.67  0.74E-12
 10  0  39.74  -94.67  0.63E-12
 10  0  39.79  -94.67  0.42E-12
 10  0  39.84  -94.67  0.30E-12
 10  0  39.89  -94.67  0.19E-12
 10  0  39.94  -94.67  0.98E-13
 10  0  39.99  -94.67  0.79E-13
 10  0  40.04  -94.67  0.15E-13
 10  0  40.09  -94.67  0.22E-13
 10  0  40.14  -94.67  0.22E-13
 10  0  40.29  -94.67  0.11E-13
 10  0  38.89  -94.62  0.15E-13
 10  0  38.94  -94.62  0.63E-13
 10  0  38.99  -94.62  0.16E-12
 10  0  39.04  -94.62  0.22E-12
 10  0  39.09  -94.62  0.83E-12
 10  0  39.14  -94.62  0.21E-11
 10  0  39.19  -94.62  0.35E-11
 10  0  39.24  -94.62  0.33E-11
 10  0  39.29  -94.62  0.26E-11
 10  0  39.34  -94.62  0.22E-11
 10  0  39.39  -94.62  0.17E-11
 10  0  39.44  -94.62  0.16E-11
 10  0  39.49  -94.62  0.13E-11
 10  0  39.54  -94.62  0.98E-12
 10  0  39.59  -94.62  0.98E-12
 10  0  39.64  -94.62  0.90E-12
 10  0  39.69  -94.62  0.61E-12
 10  0  39.74  -94.62  0.73E-12
 10  0  39.79  -94.62  0.39E-12
 10  0  39.84  -94.62  0.32E-12
 10  0  39.89  -94.62  0.19E-12
 10  0  39.94  -94.62  0.15E-12
 10  0  39.99  -94.62  0.74E-13
 10  0  40.04  -94.62  0.22E-13
 10  0  40.09  -94.62  0.17E-13
 10  0  40.14  -94.62  0.57E-14
 10  0  40.19  -94.62  0.11E-13
 10  0  40.29  -94.62  0.57E-14
 10  0  40.34  -94.62  0.11E-13
 10  0  38.89  -94.57  0.97E-14
 10  0  38.94  -94.57  0.56E-13
 10  0  38.99  -94.57  0.15E-12
 10  0  39.04  -94.57  0.23E-12
 10  0  39.09  -94.57  0.72E-12
 10  0  39.14  -94.57  0.21E-11
 10  0  39.19  -94.57  0.32E-11
 10  0  39.24  -94.57  0.33E-11
 10  0  39.29  -94.57  0.24E-11
 10  0  39.34  -94.57  0.23E-11
 10  0  39.39  -94.57  0.16E-11
 10  0  39.44  -94.57  0.16E-11
 10  0  39.49  -94.57  0.12E-11
 10  0  39.54  -94.57  0.99E-12
 10  0  39.59  -94.57  0.11E-11
 10  0  39.64  -94.57  0.89E-12
 10  0  39.69  -94.57  0.64E-12
 10  0  39.74  -94.57  0.59E-12
 10  0  39.79  -94.57  0.44E-12
 10  0  39.84  -94.57  0.34E-12
 10  0  39.89  -94.57  0.17E-12
 10  0  39.94  -94.57  0.15E-12
 10  0  39.99  -94.57  0.94E-13
 10  0  40.04  -94.57  0.27E-13
 10  0  40.09  -94.57  0.55E-14
 10  0  40.14  -94.57  0.57E-14
 10  0  40.19  -94.57  0.57E-14
 10  0  40.34  -94.57  0.57E-14
 10  0  40.39  -94.57  0.57E-14
 10  0  38.89  -94.52  0.15E-13
 10  0  38.94  -94.52  0.86E-13
 10  0  38.99  -94.52  0.14E-12
 10  0  39.04  -94.52  0.24E-12
 10  0  39.09  -94.52  0.72E-12
 10  0  39.14  -94.52  0.20E-11
 10  0  39.19  -94.52  0.30E-11
 10  0  39.24  -94.52  0.34E-11
 10  0  39.29  -94.52  0.24E-11
 10  0  39.34  -94.52  0.21E-11
 10  0  39.39  -94.52  0.17E-11
 10  0  39.44  -94.52  0.14E-11
 10  0  39.49  -94.52  0.14E-11
 10  0  39.54  -94.52  0.95E-12
 10  0  39.59  -94.52  0.86E-12
 10  0  39.64  -94.52  0.92E-12
 10  0  39.69  -94.52  0.60E-12
 10  0  39.74  -94.52  0.48E-12
 10  0  39.79  -94.52  0.51E-12
 10  0  39.84  -94.52  0.34E-12
 10  0  39.89  -94.52  0.19E-12
 10  0  39.94  -94.52  0.14E-12
 10  0  39.99  -94.52  0.12E-12
 10  0  40.04  -94.52  0.33E-13
 10  0  40.09  -94.52  0.27E-13
 10  0  40.14  -94.52  0.22E-13
 10  0  40.19  -94.52  0.57E-14
 10  0  40.39  -94.52  0.57E-14
 10  0  38.89  -94.47  0.97E-14
 10  0  38.94  -94.47  0.77E-13
 10  0  38.99  -94.47  0.82E-13
 10  0  39.04  -94.47  0.22E-12
 10  0  39.09  -94.47  0.67E-12
 10  0  39.14  -94.47  0.18E-11
 10  0  39.19  -94.47  0.27E-11
 10  0  39.24  -94.47  0.32E-11
 10  0  39.29  -94.47  0.24E-11
 10  0  39.34  -94.47  0.19E-11
 10  0  39.39  -94.47  0.18E-11
 10  0  39.44  -94.47  0.14E-11
 10  0  39.49  -94.47  0.15E-11
 10  0  39.54  -94.47  0.11E-11
 10  0  39.59  -94.47  0.75E-12
 10  0  39.64  -94.47  0.89E-12
 10  0  39.69  -94.47  0.65E-12
 10  0  39.74  -94.47  0.42E-12
 10  0  39.79  -94.47  0.57E-12
 10  0  39.84  -94.47  0.35E-12
 10  0  39.89  -94.47  0.23E-12
 10  0  39.94  -94.47  0.97E-13
 10  0  39.99  -94.47  0.13E-12
 10  0  40.04  -94.47  0.47E-13
 10  0  40.09  -94.47  0.27E-13
 10  0  40.14  -94.47  0.11E-13
 10  0  40.19  -94.47  0.11E-13
 10  0  40.24  -94.47  0.57E-14
 10  0  38.89  -94.42  0.15E-13
 10  0  38.94  -94.42  0.56E-13
 10  0  38.99  -94.42  0.15E-12
 10  0  39.04  -94.42  0.15E-12
 10  0  39.09  -94.42  0.71E-12
 10  0  39.14  -94.42  0.15E-11
 10  0  39.19  -94.42  0.24E-11
 10  0  39.24  -94.42  0.31E-11
 10  0  39.29  -94.42  0.25E-11
 10  0  39.34  -94.42  0.18E-11
 10  0  39.39  -94.42  0.18E-11
 10  0  39.44  -94.42  0.14E-11
 10  0  39.49  -94.42  0.13E-11
 10  0  39.54  -94.42  0.11E-11
 10  0  39.59  -94.42  0.85E-12
 10  0  39.64  -94.42  0.78E-12
 10  0  39.69  -94.42  0.68E-12
 10  0  39.74  -94.42  0.49E-12
 10  0  39.79  -94.42  0.40E-12
 10  0  39.84  -94.42  0.40E-12
 10  0  39.89  -94.42  0.27E-12
 10  0  39.94  -94.42  0.92E-13
 10  0  39.99  -94.42  0.93E-13
 10  0  40.04  -94.42  0.10E-12
 10  0  40.09  -94.42  0.22E-13
 10  0  40.14  -94.42  0.23E-13
 10  0  40.24  -94.42  0.11E-13
 10  0  38.89  -94.37  0.15E-13
 10  0  38.94  -94.37  0.60E-13
 10  0  38.99  -94.37  0.14E-12
 10  0  39.04  -94.37  0.10E-12
 10  0  39.09  -94.37  0.71E-12
 10  0  39.14  -94.37  0.15E-11
 10  0  39.19  -94.37  0.21E-11
 10  0  39.24  -94.37  0.30E-11
 10  0  39.29  -94.37  0.25E-11
 10  0  39.34  -94.37  0.19E-11
 10  0  39.39  -94.37  0.18E-11
 10  0  39.44  -94.37  0.14E-11
 10  0  39.49  -94.37  0.13E-11
 10  0  39.54  -94.37  0.11E-11
 10  0  39.59  -94.37  0.94E-12
 10  0  39.64  -94.37  0.66E-12
 10  0  39.69  -94.37  0.76E-12
 10  0  39.74  -94.37  0.48E-12
 10  0  39.79  -94.37  0.39E-12
 10  0  39.84  -94.37  0.40E-12
 10  0  39.89  -94.37  0.27E-12
 10  0  39.94  -94.37  0.13E-12
 10  0  39.99  -94.37  0.60E-13
 10  0  40.04  -94.37  0.77E-13
 10  0  40.09  -94.37  0.27E-13
 10  0  40.19  -94.37  0.57E-14
 10  0  38.89  -94.32  0.97E-14
 10  0  38.94  -94.32  0.40E-13
 10  0  38.99  -94.32  0.17E-12
 10  0  39.04  -94.32  0.92E-13
 10  0  39.09  -94.32  0.64E-12
 10  0  39.14  -94.32  0.13E-11
 10  0  39.19  -94.32  0.20E-11
 10  0  39.24  -94.32  0.26E-11
 10  0  39.29  -94.32  0.26E-11
 10  0  39.34  -94.32  0.20E-11
 10  0  39.39  -94.32  0.16E-11
 10  0  39.44  -94.32  0.14E-11
 10  0  39.49  -94.32  0.13E-11
 10  0  39.54  -94.32  0.10E-11
 10  0  39.59  -94.32  0.11E-11
 10  0  39.64  -94.32  0.72E-12
 10  0  39.69  -94.32  0.70E-12
 10  0  39.74  -94.32  0.49E-12
 10  0  39.79  -94.32  0.41E-12
 10  0  39.84  -94.32  0.31E-12
 10  0  39.89  -94.32  0.31E-12
 10  0  39.94  -94.32  0.18E-12
 10  0  39.99  -94.32  0.65E-13
 10  0  40.04  -94.32  0.56E-13
 10  0  40.09  -94.32  0.49E-13
 10  0  40.19  -94.32  0.11E-13
 10  0  38.89  -94.27  0.19E-13
 10  0  38.94  -94.27  0.36E-13
 10  0  38.99  -94.27  0.15E-12
 10  0  39.04  -94.27  0.12E-12
 10  0  39.09  -94.27  0.56E-12
 10  0  39.14  -94.27  0.12E-11
 10  0  39.19  -94.27  0.19E-11
 10  0  39.24  -94.27  0.23E-11
 10  0  39.29  -94.27  0.24E-11
 10  0  39.34  -94.27  0.22E-11
 10  0  39.39  -94.27  0.16E-11
 10  0  39.44  -94.27  0.15E-11
 10  0  39.49  -94.27  0.13E-11
 10  0  39.54  -94.27  0.11E-11
 10  0  39.59  -94.27  0.10E-11
 10  0  39.64  -94.27  0.73E-12
 10  0  39.69  -94.27  0.60E-12
 10  0  39.74  -94.27  0.58E-12
 10  0  39.79  -94.27  0.32E-12
 10  0  39.84  -94.27  0.33E-12
 10  0  39.89  -94.27  0.29E-12
 10  0  39.94  -94.27  0.24E-12
 10  0  39.99  -94.27  0.82E-13
 10  0  40.04  -94.27  0.33E-13
 10  0  40.09  -94.27  0.61E-13
 10  0  40.14  -94.27  0.22E-13
 10  0  40.24  -94.27  0.57E-14
 10  0  38.89  -94.22  0.29E-13
 10  0  38.94  -94.22  0.35E-13
 10  0  38.99  -94.22  0.90E-13
 10  0  39.04  -94.22  0.20E-12
 10  0  39.09  -94.22  0.47E-12
 10  0  39.14  -94.22  0.95E-12
 10  0  39.19  -94.22  0.18E-11
 10  0  39.24  -94.22  0.23E-11
 10  0  39.29  -94.22  0.23E-11
 10  0  39.34  -94.22  0.22E-11
 10  0  39.39  -94.22  0.18E-11
 10  0  39.44  -94.22  0.15E-11
 10  0  39.49  -94.22  0.12E-11
 10  0  39.54  -94.22  0.11E-11
 10  0  39.59  -94.22  0.94E-12
 10  0  39.64  -94.22  0.90E-12
 10  0  39.69  -94.22  0.67E-12
 10  0  39.74  -94.22  0.48E-12
 10  0  39.79  -94.22  0.37E-12
 10  0  39.84  -94.22  0.32E-12
 10  0  39.89  -94.22  0.24E-12
 10  0  39.94  -94.22  0.23E-12
 10  0  39.99  -94.22  0.12E-12
 10  0  40.04  -94.22  0.27E-13
 10  0  40.09  -94.22  0.45E-13
 10  0  40.14  -94.22  0.44E-13
 10  0  40.24  -94.22  0.11E-13
 10  0  38.89  -94.17  0.24E-13
 10  0  38.94  -94.17  0.25E-13
 10  0  38.99  -94.17  0.59E-13
 10  0  39.04  -94.17  0.18E-12
 10  0  39.09  -94.17  0.45E-12
 10  0  39.14  -94.17  0.89E-12
 10  0  39.19  -94.17  0.16E-11
 10  0  39.24  -94.17  0.22E-11
 10  0  39.29  -94.17  0.21E-11
 10  0  39.34  -94.17  0.22E-11
 10  0  39.39  -94.17  0.17E-11
 10  0  39.44  -94.17  0.17E-11
 10  0  39.49  -94.17  0.12E-11
 10  0  39.54  -94.17  0.11E-11
 10  0  39.59  -94.17  0.80E-12
 10  0  39.64  -94.17  0.94E-12
 10  0  39.69  -94.17  0.57E-12
 10  0  39.74  -94.17  0.53E-12
 10  0  39.79  -94.17  0.36E-12
 10  0  39.84  -94.17  0.30E-12
 10  0  39.89  -94.17  0.24E-12
 10  0  39.94  -94.17  0.17E-12
 10  0  39.99  -94.17  0.15E-12
 10  0  40.04  -94.17  0.33E-13
 10  0  40.09  -94.17  0.33E-13
 10  0  40.14  -94.17  0.34E-13
 10  0  40.24  -94.17  0.57E-14
 10  0  38.89  -94.12  0.29E-13
 10  0  38.94  -94.12  0.15E-13
 10  0  38.99  -94.12  0.63E-13
 10  0  39.04  -94.12  0.13E-12
 10  0  39.09  -94.12  0.44E-12
 10  0  39.14  -94.12  0.76E-12
 10  0  39.19  -94.12  0.13E-11
 10  0  39.24  -94.12  0.19E-11
 10  0  39.29  -94.12  0.22E-11
 10  0  39.34  -94.12  0.22E-11
 10  0  39.39  -94.12  0.18E-11
 10  0  39.44  -94.12  0.17E-11
 10  0  39.49  -94.12  0.12E-11
 10  0  39.54  -94.12  0.11E-11
 10  0  39.59  -94.12  0.89E-12
 10  0  39.64  -94.12  0.84E-12
 10  0  39.69  -94.12  0.70E-12
 10  0  39.74  -94.12  0.49E-12
 10  0  39.79  -94.12  0.47E-12
 10  0  39.84  -94.12  0.24E-12
 10  0  39.89  -94.12  0.29E-12
 10  0  39.94  -94.12  0.17E-12
 10  0  39.99  -94.12  0.12E-12
 10  0  40.04  -94.12  0.73E-13
 10  0  40.09  -94.12  0.21E-13
 10  0  40.14  -94.12  0.35E-13
 10  0  40.19  -94.12  0.23E-13
 10  0  40.29  -94.12  0.11E-13
 10  0  38.89  -94.07  0.96E-14
 10  0  38.94  -94.07  0.38E-13
 10  0  38.99  -94.07  0.63E-13
 10  0  39.04  -94.07  0.95E-13
 10  0  39.09  -94.07  0.38E-12
 10  0  39.14  -94.07  0.61E-12
 10  0  39.19  -94.07  0.12E-11
 10  0  39.24  -94.07  0.17E-11
 10  0  39.29  -94.07  0.22E-11
 10  0  39.34  -94.07  0.20E-11
 10  0  39.39  -94.07  0.20E-11
 10  0  39.44  -94.07  0.16E-11
 10  0  39.49  -94.07  0.14E-11
 10  0  39.54  -94.07  0.12E-11
 10  0  39.59  -94.07  0.91E-12
 10  0  39.64  -94.07  0.79E-12
 10  0  39.69  -94.07  0.78E-12
 10  0  39.74  -94.07  0.40E-12
 10  0  39.79  -94.07  0.39E-12
 10  0  39.84  -94.07  0.25E-12
 10  0  39.89  -94.07  0.23E-12
 10  0  39.94  -94.07  0.15E-12
 10  0  39.99  -94.07  0.14E-12
 10  0  40.04  -94.07  0.11E-12
 10  0  40.09  -94.07  0.53E-14
 10  0  40.14  -94.07  0.28E-13
 10  0  40.19  -94.07  0.17E-13
 10  0  40.29  -94.07  0.57E-14
 10  0  38.94  -94.02  0.38E-13
 10  0  38.99  -94.02  0.58E-13
 10  0  39.04  -94.02  0.84E-13
 10  0  39.09  -94.02  0.34E-12
 10  0  39.14  -94.02  0.64E-12
 10  0  39.19  -94.02  0.10E-11
 10  0  39.24  -94.02  0.16E-11
 10  0  39.29  -94.02  0.20E-11
 10  0  39.34  -94.02  0.19E-11
 10  0  39.39  -94.02  0.18E-11
 10  0  39.44  -94.02  0.17E-11
 10  0  39.49  -94.02  0.15E-11
 10  0  39.54  -94.02  0.12E-11
 10  0  39.59  -94.02  0.90E-12
 10  0  39.64  -94.02  0.79E-12
 10  0  39.69  -94.02  0.76E-12
 10  0  39.74  -94.02  0.43E-12
 10  0  39.79  -94.02  0.43E-12
 10  0  39.84  -94.02  0.29E-12
 10  0  39.89  -94.02  0.17E-12
 10  0  39.94  -94.02  0.18E-12
 10  0  39.99  -94.02  0.10E-12
 10  0  40.04  -94.02  0.94E-13
 10  0  40.09  -94.02  0.39E-13
 10  0  40.14  -94.02  0.17E-13
 10  0  40.19  -94.02  0.12E-13
 10  0  40.34  -94.02  0.57E-14
 10  0  38.94  -93.97  0.38E-13
 10  0  38.99  -93.97  0.41E-13
 10  0  39.04  -93.97  0.90E-13
 10  0  39.09  -93.97  0.21E-12
 10  0  39.14  -93.97  0.60E-12
 10  0  39.19  -93.97  0.80E-12
 10  0  39.24  -93.97  0.15E-11
 10  0  39.29  -93.97  0.19E-11
 10  0  39.34  -93.97  0.18E-11
 10  0  39.39  -93.97  0.17E-11
 10  0  39.44  -93.97  0.18E-11
 10  0  39.49  -93.97  0.15E-11
 10  0  39.54  -93.97  0.12E-11
 10  0  39.59  -93.97  0.95E-12
 10  0  39.64  -93.97  0.84E-12
 10  0  39.69  -93.97  0.68E-12
 10  0  39.74  -93.97  0.53E-12
 10  0  39.79  -93.97  0.35E-12
 10  0  39.84  -93.97  0.28E-12
 10  0  39.89  -93.97  0.14E-12
 10  0  39.94  -93.97  0.17E-12
 10  0  39.99  -93.97  0.95E-13
 10  0  40.04  -93.97  0.67E-13
 10  0  40.09  -93.97  0.50E-13
 10  0  40.14  -93.97  0.16E-13
 10  0  40.19  -93.97  0.58E-14
 10  0  40.24  -93.97  0.12E-13
 10  0  40.34  -93.97  0.11E-13
 10  0  38.94  -93.92  0.33E-13
 10  0  38.99  -93.92  0.40E-13
 10  0  39.04  -93.92  0.11E-12
 10  0  39.09  -93.92  0.17E-12
 10  0  39.14  -93.92  0.56E-12
 10  0  39.19  -93.92  0.70E-12
 10  0  39.24  -93.92  0.14E-11
 10  0  39.29  -93.92  0.16E-11
 10  0  39.34  -93.92  0.18E-11
 10  0  39.39  -93.92  0.17E-11
 10  0  39.44  -93.92  0.17E-11
 10  0  39.49  -93.92  0.15E-11
 10  0  39.54  -93.92  0.13E-11
 10  0  39.59  -93.92  0.11E-11
 10  0  39.64  -93.92  0.83E-12
 10  0  39.69  -93.92  0.69E-12
 10  0  39.74  -93.92  0.55E-12
 10  0  39.79  -93.92  0.28E-12
 10  0  39.84  -93.92  0.31E-12
 10  0  39.89  -93.92  0.15E-12
 10  0  39.94  -93.92  0.15E-12
 10  0  39.99  -93.92  0.11E-12
 10  0  40.04  -93.92  0.28E-13
 10  0  40.09  -93.92  0.50E-13
 10  0  40.14  -93.92  0.28E-13
 10  0  40.19  -93.92  0.11E-13
 10  0  40.24  -93.92  0.58E-14
 10  0  40.34  -93.92  0.57E-14
 10  0  38.94  -93.87  0.38E-13
 10  0  38.99  -93.87  0.36E-13
 10  0  39.04  -93.87  0.10E-12
 10  0  39.09  -93.87  0.15E-12
 10  0  39.14  -93.87  0.42E-12
 10  0  39.19  -93.87  0.62E-12
 10  0  39.24  -93.87  0.12E-11
 10  0  39.29  -93.87  0.16E-11
 10  0  39.34  -93.87  0.17E-11
 10  0  39.39  -93.87  0.16E-11
 10  0  39.44  -93.87  0.16E-11
 10  0  39.49  -93.87  0.15E-11
 10  0  39.54  -93.87  0.13E-11
 10  0  39.59  -93.87  0.11E-11
 10  0  39.64  -93.87  0.72E-12
 10  0  39.69  -93.87  0.72E-12
 10  0  39.74  -93.87  0.55E-12
 10  0  39.79  -93.87  0.26E-12
 10  0  39.84  -93.87  0.34E-12
 10  0  39.89  -93.87  0.19E-12
 10  0  39.94  -93.87  0.11E-12
 10  0  39.99  -93.87  0.15E-12
 10  0  40.04  -93.87  0.50E-13
 10  0  40.09  -93.87  0.23E-13
 10  0  40.14  -93.87  0.28E-13
 10  0  40.19  -93.87  0.22E-13
 10  0  38.94  -93.82  0.48E-13
 10  0  38.99  -93.82  0.20E-13
 10  0  39.04  -93.82  0.13E-12
 10  0  39.09  -93.82  0.14E-12
 10  0  39.14  -93.82  0.32E-12
 10  0  39.19  -93.82  0.57E-12
 10  0  39.24  -93.82  0.97E-12
 10  0  39.29  -93.82  0.14E-11
 10  0  39.34  -93.82  0.16E-11
 10  0  39.39  -93.82  0.16E-11
 10  0  39.44  -93.82  0.15E-11
 10  0  39.49  -93.82  0.14E-11
 10  0  39.54  -93.82  0.12E-11
 10  0  39.59  -93.82  0.12E-11
 10  0  39.64  -93.82  0.10E-11
 10  0  39.69  -93.82  0.64E-12
 10  0  39.74  -93.82  0.55E-12
 10  0  39.79  -93.82  0.29E-12
 10  0  39.84  -93.82  0.25E-12
 10  0  39.89  -93.82  0.20E-12
 10  0  39.94  -93.82  0.84E-13
 10  0  39.99  -93.82  0.12E-12
 10  0  40.04  -93.82  0.40E-13
 10  0  40.09  -93.82  0.23E-13
 10  0  40.14  -93.82  0.33E-13
 10  0  40.19  -93.82  0.28E-13
 10  0  38.94  -93.77  0.28E-13
 10  0  38.99  -93.77  0.21E-13
 10  0  39.04  -93.77  0.12E-12
 10  0  39.09  -93.77  0.11E-12
 10  0  39.14  -93.77  0.19E-12
 10  0  39.19  -93.77  0.58E-12
 10  0  39.24  -93.77  0.88E-12
 10  0  39.29  -93.77  0.13E-11
 10  0  39.34  -93.77  0.16E-11
 10  0  39.39  -93.77  0.14E-11
 10  0  39.44  -93.77  0.15E-11
 10  0  39.49  -93.77  0.13E-11
 10  0  39.54  -93.77  0.12E-11
 10  0  39.59  -93.77  0.11E-11
 10  0  39.64  -93.77  0.11E-11
 10  0  39.69  -93.77  0.68E-12
 10  0  39.74  -93.77  0.46E-12
 10  0  39.79  -93.77  0.31E-12
 10  0  39.84  -93.77  0.28E-12
 10  0  39.89  -93.77  0.21E-12
 10  0  39.94  -93.77  0.85E-13
 10  0  39.99  -93.77  0.72E-13
 10  0  40.04  -93.77  0.90E-13
 10  0  40.14  -93.77  0.11E-13
 10  0  40.19  -93.77  0.16E-13
 10  0  40.24  -93.77  0.11E-13
 10  0  38.94  -93.72  0.28E-13
 10  0  38.99  -93.72  0.25E-13
 10  0  39.04  -93.72  0.86E-13
 10  0  39.09  -93.72  0.92E-13
 10  0  39.14  -93.72  0.14E-12
 10  0  39.19  -93.72  0.52E-12
 10  0  39.24  -93.72  0.73E-12
 10  0  39.29  -93.72  0.12E-11
 10  0  39.34  -93.72  0.14E-11
 10  0  39.39  -93.72  0.15E-11
 10  0  39.44  -93.72  0.14E-11
 10  0  39.49  -93.72  0.13E-11
 10  0  39.54  -93.72  0.11E-11
 10  0  39.59  -93.72  0.11E-11
 10  0  39.64  -93.72  0.11E-11
 10  0  39.69  -93.72  0.71E-12
 10  0  39.74  -93.72  0.55E-12
 10  0  39.79  -93.72  0.29E-12
 10  0  39.84  -93.72  0.25E-12
 10  0  39.89  -93.72  0.18E-12
 10  0  39.94  -93.72  0.11E-12
 10  0  39.99  -93.72  0.34E-13
 10  0  40.04  -93.72  0.78E-13
 10  0  40.09  -93.72  0.11E-13
 10  0  40.14  -93.72  0.57E-14
 10  0  40.19  -93.72  0.11E-13
 10  0  40.24  -93.72  0.28E-13
 10  0  38.94  -93.67  0.24E-13
 10  0  38.99  -93.67  0.21E-13
 10  0  39.04  -93.67  0.87E-13
 10  0  39.09  -93.67  0.75E-13
 10  0  39.14  -93.67  0.12E-12
 10  0  39.19  -93.67  0.43E-12
 10  0  39.24  -93.67  0.62E-12
 10  0  39.29  -93.67  0.99E-12
 10  0  39.34  -93.67  0.13E-11
 10  0  39.39  -93.67  0.13E-11
 10  0  39.44  -93.67  0.13E-11
 10  0  39.49  -93.67  0.13E-11
 10  0  39.54  -93.67  0.11E-11
 10  0  39.59  -93.67  0.92E-12
 10  0  39.64  -93.67  0.87E-12
 10  0  39.69  -93.67  0.83E-12
 10  0  39.74  -93.67  0.49E-12
 10  0  39.79  -93.67  0.29E-12
 10  0  39.84  -93.67  0.26E-12
 10  0  39.89  -93.67  0.18E-12
 10  0  39.94  -93.67  0.12E-12
 10  0  39.99  -93.67  0.51E-13
 10  0  40.04  -93.67  0.44E-13
 10  0  40.09  -93.67  0.45E-13
 10  0  40.24  -93.67  0.11E-13
 10  0  40.29  -93.67  0.58E-14
 10  0  38.94  -93.62  0.24E-13
 10  0  38.99  -93.62  0.22E-13
 10  0  39.04  -93.62  0.28E-13
 10  0  39.09  -93.62  0.43E-13
 10  0  39.14  -93.62  0.10E-12
 10  0  39.19  -93.62  0.37E-12
 10  0  39.24  -93.62  0.50E-12
 10  0  39.29  -93.62  0.91E-12
 10  0  39.34  -93.62  0.10E-11
 10  0  39.39  -93.62  0.12E-11
 10  0  39.44  -93.62  0.12E-11
 10  0  39.49  -93.62  0.12E-11
 10  0  39.54  -93.62  0.95E-12
 10  0  39.59  -93.62  0.92E-12
 10  0  39.64  -93.62  0.93E-12
 10  0  39.69  -93.62  0.62E-12
 10  0  39.74  -93.62  0.58E-12
 10  0  39.79  -93.62  0.30E-12
 10  0  39.84  -93.62  0.22E-12
 10  0  39.89  -93.62  0.18E-12
 10  0  39.94  -93.62  0.12E-12
 10  0  39.99  -93.62  0.68E-13
 10  0  40.04  -93.62  0.44E-13
 10  0  40.09  -93.62  0.28E-13
 10  0  40.24  -93.62  0.55E-14
 10  0  40.29  -93.62  0.58E-14
 10  0  38.94  -93.57  0.94E-14
 10  0  38.99  -93.57  0.17E-13
 10  0  39.04  -93.57  0.22E-13
 10  0  39.09  -93.57  0.38E-13
 10  0  39.14  -93.57  0.85E-13
 10  0  39.19  -93.57  0.24E-12
 10  0  39.24  -93.57  0.53E-12
 10  0  39.29  -93.57  0.60E-12
 10  0  39.34  -93.57  0.10E-11
 10  0  39.39  -93.57  0.10E-11
 10  0  39.44  -93.57  0.11E-11
 10  0  39.49  -93.57  0.11E-11
 10  0  39.54  -93.57  0.93E-12
 10  0  39.59  -93.57  0.79E-12
 10  0  39.64  -93.57  0.69E-12
 10  0  39.69  -93.57  0.68E-12
 10  0  39.74  -93.57  0.54E-12
 10  0  39.79  -93.57  0.29E-12
 10  0  39.84  -93.57  0.17E-12
 10  0  39.89  -93.57  0.20E-12
 10  0  39.94  -93.57  0.83E-13
 10  0  39.99  -93.57  0.51E-13
 10  0  40.04  -93.57  0.22E-13
 10  0  40.09  -93.57  0.22E-13
 10  0  40.14  -93.57  0.55E-14
 10  0  40.29  -93.57  0.55E-14
 10  0  38.94  -93.52  0.94E-14
 10  0  38.99  -93.52  0.22E-13
 10  0  39.04  -93.52  0.17E-13
 10  0  39.09  -93.52  0.22E-13
 10  0  39.14  -93.52  0.74E-13
 10  0  39.19  -93.52  0.17E-12
 10  0  39.24  -93.52  0.44E-12
 10  0  39.29  -93.52  0.52E-12
 10  0  39.34  -93.52  0.87E-12
 10  0  39.39  -93.52  0.81E-12
 10  0  39.44  -93.52  0.99E-12
 10  0  39.49  -93.52  0.85E-12
 10  0  39.54  -93.52  0.97E-12
 10  0  39.59  -93.52  0.67E-12
 10  0  39.64  -93.52  0.62E-12
 10  0  39.69  -93.52  0.49E-12
 10  0  39.74  -93.52  0.48E-12
 10  0  39.79  -93.52  0.31E-12
 10  0  39.84  -93.52  0.13E-12
 10  0  39.89  -93.52  0.14E-12
 10  0  39.94  -93.52  0.77E-13
 10  0  39.99  -93.52  0.34E-13
 10  0  40.04  -93.52  0.22E-13
 10  0  40.09  -93.52  0.11E-13
 10  0  40.14  -93.52  0.11E-13
 10  0  40.29  -93.52  0.11E-13
 10  0  38.94  -93.47  0.11E-13
 10  0  38.99  -93.47  0.11E-13
 10  0  39.04  -93.47  0.22E-13
 10  0  39.14  -93.47  0.74E-13
 10  0  39.19  -93.47  0.11E-12
 10  0  39.24  -93.47  0.39E-12
 10  0  39.29  -93.47  0.39E-12
 10  0  39.34  -93.47  0.75E-12
 10  0  39.39  -93.47  0.74E-12
 10  0  39.44  -93.47  0.83E-12
 10  0  39.49  -93.47  0.83E-12
 10  0  39.54  -93.47  0.84E-12
 10  0  39.59  -93.47  0.47E-12
 10  0  39.64  -93.47  0.68E-12
 10  0  39.69  -93.47  0.42E-12
 10  0  39.74  -93.47  0.42E-12
 10  0  39.79  -93.47  0.24E-12
 10  0  39.84  -93.47  0.16E-12
 10  0  39.89  -93.47  0.83E-13
 10  0  39.94  -93.47  0.82E-13
 10  0  39.99  -93.47  0.28E-13
 10  0  40.04  -93.47  0.28E-13
 10  0  40.09  -93.47  0.57E-14
 10  0  40.14  -93.47  0.53E-14
 10  0  40.34  -93.47  0.55E-14
 10  0  38.94  -93.42  0.11E-13
 10  0  38.99  -93.42  0.11E-13
 10  0  39.04  -93.42  0.56E-14
 10  0  39.14  -93.42  0.49E-13
 10  0  39.19  -93.42  0.86E-13
 10  0  39.24  -93.42  0.29E-12
 10  0  39.29  -93.42  0.33E-12
 10  0  39.34  -93.42  0.56E-12
 10  0  39.39  -93.42  0.55E-12
 10  0  39.44  -93.42  0.64E-12
 10  0  39.49  -93.42  0.72E-12
 10  0  39.54  -93.42  0.63E-12
 10  0  39.59  -93.42  0.46E-12
 10  0  39.64  -93.42  0.50E-12
 10  0  39.69  -93.42  0.45E-12
 10  0  39.74  -93.42  0.39E-12
 10  0  39.79  -93.42  0.16E-12
 10  0  39.84  -93.42  0.17E-12
 10  0  39.89  -93.42  0.89E-13
 10  0  39.94  -93.42  0.81E-13
 10  0  39.99  -93.42  0.45E-13
 10  0  40.04  -93.42  0.33E-13
 10  0  40.09  -93.42  0.11E-13
 10  0  40.34  -93.42  0.55E-14
 10  0  38.94  -93.37  0.11E-13
 10  0  39.04  -93.37  0.11E-13
 10  0  39.14  -93.37  0.48E-13
 10  0  39.19  -93.37  0.60E-13
 10  0  39.24  -93.37  0.20E-12
 10  0  39.29  -93.37  0.33E-12
 10  0  39.34  -93.37  0.44E-12
 10  0  39.39  -93.37  0.51E-12
 10  0  39.44  -93.37  0.55E-12
 10  0  39.49  -93.37  0.58E-12
 10  0  39.54  -93.37  0.57E-12
 10  0  39.59  -93.37  0.38E-12
 10  0  39.64  -93.37  0.43E-12
 10  0  39.69  -93.37  0.32E-12
 10  0  39.74  -93.37  0.28E-12
 10  0  39.79  -93.37  0.21E-12
 10  0  39.84  -93.37  0.10E-12
 10  0  39.89  -93.37  0.67E-13
 10  0  39.94  -93.37  0.38E-13
 10  0  39.99  -93.37  0.22E-13
 10  0  40.04  -93.37  0.22E-13
 10  0  40.34  -93.37  0.55E-14
 10  0  38.94  -93.32  0.11E-13
 10  0  39.04  -93.32  0.11E-13
 10  0  39.14  -93.32  0.16E-13
 10  0  39.19  -93.32  0.38E-13
 10  0  39.24  -93.32  0.12E-12
 10  0  39.29  -93.32  0.32E-12
 10  0  39.34  -93.32  0.26E-12
 10  0  39.39  -93.32  0.42E-12
 10  0  39.44  -93.32  0.50E-12
 10  0  39.49  -93.32  0.35E-12
 10  0  39.54  -93.32  0.51E-12
 10  0  39.59  -93.32  0.35E-12
 10  0  39.64  -93.32  0.32E-12
 10  0  39.69  -93.32  0.31E-12
 10  0  39.74  -93.32  0.20E-12
 10  0  39.79  -93.32  0.16E-12
 10  0  39.84  -93.32  0.12E-12
 10  0  39.89  -93.32  0.56E-13
 10  0  39.94  -93.32  0.37E-13
 10  0  39.99  -93.32  0.27E-13
 10  0  40.04  -93.32  0.17E-13
 10  0  39.04  -93.27  0.11E-13
 10  0  39.09  -93.27  0.56E-14
 10  0  39.14  -93.27  0.16E-13
 10  0  39.19  -93.27  0.33E-13
 10  0  39.24  -93.27  0.86E-13
 10  0  39.29  -93.27  0.19E-12
 10  0  39.34  -93.27  0.20E-12
 10  0  39.39  -93.27  0.26E-12
 10  0  39.44  -93.27  0.31E-12
 10  0  39.49  -93.27  0.32E-12
 10  0  39.54  -93.27  0.34E-12
 10  0  39.59  -93.27  0.27E-12
 10  0  39.64  -93.27  0.27E-12
 10  0  39.69  -93.27  0.29E-12
 10  0  39.74  -93.27  0.16E-12
 10  0  39.79  -93.27  0.12E-12
 10  0  39.84  -93.27  0.65E-13
 10  0  39.89  -93.27  0.44E-13
 10  0  39.94  -93.27  0.48E-13
 10  0  40.04  -93.27  0.55E-13
 10  0  38.99  -93.22  0.56E-14
 10  0  39.09  -93.22  0.11E-13
 10  0  39.14  -93.22  0.56E-14
 10  0  39.19  -93.22  0.22E-13
 10  0  39.24  -93.22  0.60E-13
 10  0  39.29  -93.22  0.15E-12
 10  0  39.34  -93.22  0.17E-12
 10  0  39.39  -93.22  0.14E-12
 10  0  39.44  -93.22  0.23E-12
 10  0  39.49  -93.22  0.19E-12
 10  0  39.54  -93.22  0.26E-12
 10  0  39.59  -93.22  0.19E-12
 10  0  39.64  -93.22  0.19E-12
 10  0  39.69  -93.22  0.18E-12
 10  0  39.74  -93.22  0.12E-12
 10  0  39.79  -93.22  0.88E-13
 10  0  39.84  -93.22  0.49E-13
 10  0  39.89  -93.22  0.61E-13
 10  0  39.94  -93.22  0.22E-13
 10  0  39.99  -93.22  0.11E-13
 10  0  40.04  -93.22  0.33E-13
 10  0  40.09  -93.22  0.53E-14
 10  0  38.99  -93.17  0.11E-13
 10  0  39.09  -93.17  0.11E-13
 10  0  39.19  -93.17  0.10E-13
 10  0  39.24  -93.17  0.33E-13
 10  0  39.29  -93.17  0.38E-13
 10  0  39.34  -93.17  0.95E-13
 10  0  39.39  -93.17  0.13E-12
 10  0  39.44  -93.17  0.19E-12
 10  0  39.49  -93.17  0.13E-12
 10  0  39.54  -93.17  0.25E-12
 10  0  39.59  -93.17  0.11E-12
 10  0  39.64  -93.17  0.14E-12
 10  0  39.69  -93.17  0.15E-12
 10  0  39.74  -93.17  0.10E-12
 10  0  39.79  -93.17  0.73E-13
 10  0  39.84  -93.17  0.55E-13
 10  0  39.89  -93.17  0.28E-13
 10  0  39.94  -93.17  0.11E-13
 10  0  39.99  -93.17  0.55E-14
 10  0  40.04  -93.17  0.57E-14
 10  0  40.09  -93.17  0.16E-13
 10  0  38.99  -93.12  0.56E-14
 10  0  39.09  -93.12  0.56E-14
 10  0  39.19  -93.12  0.10E-13
 10  0  39.24  -93.12  0.22E-13
 10  0  39.29  -93.12  0.22E-13
 10  0  39.34  -93.12  0.37E-13
 10  0  39.39  -93.12  0.81E-13
 10  0  39.44  -93.12  0.91E-13
 10  0  39.49  -93.12  0.49E-13
 10  0  39.54  -93.12  0.15E-12
 10  0  39.59  -93.12  0.81E-13
 10  0  39.64  -93.12  0.66E-13
 10  0  39.69  -93.12  0.87E-13
 10  0  39.74  -93.12  0.88E-13
 10  0  39.79  -93.12  0.67E-13
 10  0  39.84  -93.12  0.50E-13
 10  0  39.89  -93.12  0.22E-13
 10  0  39.94  -93.12  0.11E-13
 10  0  39.99  -93.12  0.55E-14
 10  0  40.09  -93.12  0.22E-13
 10  0  39.09  -93.07  0.56E-14
 10  0  39.19  -93.07  0.10E-13
 10  0  39.24  -93.07  0.33E-13
 10  0  39.29  -93.07  0.17E-13
 10  0  39.34  -93.07  0.21E-13
 10  0  39.39  -93.07  0.48E-13
 10  0  39.44  -93.07  0.65E-13
 10  0  39.49  -93.07  0.49E-13
 10  0  39.54  -93.07  0.10E-12
 10  0  39.59  -93.07  0.55E-13
 10  0  39.64  -93.07  0.50E-13
 10  0  39.69  -93.07  0.38E-13
 10  0  39.74  -93.07  0.55E-13
 10  0  39.79  -93.07  0.39E-13
 10  0  39.84  -93.07  0.55E-14
 10  0  39.89  -93.07  0.55E-14
 10  0  39.94  -93.07  0.11E-13
 10  0  40.09  -93.07  0.53E-14
 10  0  40.14  -93.07  0.11E-13
 10  0  39.24  -93.02  0.11E-13
 10  0  39.29  -93.02  0.22E-13
 10  0  39.39  -93.02  0.27E-13
 10  0  39.44  -93.02  0.37E-13
 10  0  39.49  -93.02  0.55E-13
 10  0  39.54  -93.02  0.59E-13
 10  0  39.59  -93.02  0.22E-13
 10  0  39.64  -93.02  0.38E-13
 10  0  39.69  -93.02  0.44E-13
 10  0  39.74  -93.02  0.38E-13
 10  0  39.79  -93.02  0.11E-13
 10  0  39.84  -93.02  0.55E-14
 10  0  39.94  -93.02  0.57E-14
 10  0  40.09  -93.02  0.53E-14
 10  0  40.14  -93.02  0.11E-13
 10  0  39.24  -92.97  0.56E-14
 10  0  39.29  -92.97  0.11E-13
 10  0  39.39  -92.97  0.27E-13
 10  0  39.44  -92.97  0.21E-13
 10  0  39.49  -92.97  0.27E-13
 10  0  39.54  -92.97  0.16E-13
 10  0  39.59  -92.97  0.22E-13
 10  0  39.64  -92.97  0.11E-13
 10  0  39.69  -92.97  0.11E-13
 10  0  39.74  -92.97  0.22E-13
 10  0  39.84  -92.97  0.55E-14
 10  0  40.14  -92.97  0.53E-14
 10  0  40.19  -92.97  0.53E-14
 10  0  39.24  -92.92  0.56E-14
 10  0  39.39  -92.92  0.56E-14
 10  0  39.44  -92.92  0.53E-14
 10  0  39.59  -92.92  0.26E-13
 10  0  39.64  -92.92  0.56E-14
 10  0  39.69  -92.92  0.55E-14
 10  0  39.74  -92.92  0.22E-13
 10  0  39.84  -92.92  0.11E-13
 10  0  40.14  -92.92  0.53E-14
 10  0  40.19  -92.92  0.53E-14
 10  0  39.24  -92.87  0.56E-14
 10  0  39.39  -92.87  0.56E-14
 10  0  39.59  -92.87  0.10E-13
 10  0  39.69  -92.87  0.11E-13
 10  0  39.74  -92.87  0.11E-13
 10  0  39.84  -92.87  0.55E-14
 10  0  40.19  -92.87  0.53E-14
 10  0  39.59  -92.82  0.16E-13
 10  0  39.74  -92.82  0.55E-14
 10  0  39.79  -92.82  0.53E-14
 10  0  39.84  -92.82  0.55E-14
 10  0  39.89  -92.82  0.55E-14
 10  0  39.59  -92.77  0.55E-14
 10  0  39.74  -92.77  0.11E-13
 10  0  39.79  -92.77  0.53E-14
 10  0  39.89  -92.77  0.55E-14
 10  0  39.59  -92.72  0.11E-13
 10  0  39.79  -92.72  0.53E-14
